        [,1]  [,2]  [,3]  [,4]  [,5] [,6]  [,7]   [,8]  [,9] [,10] [,11] [,12]  [,13] [,14] [,15] [,16] [,17] [,18] [,19]
  [1,] 73984 30464 23392 62016 10880 4896 70992  84592 35088  7888 34272 53040  85408 53312 44336 22576 68272 74800 37536
  [2,] 30464 12544  9632 25536  4480 2016 29232  34832 14448  3248 14112 21840  35168 21952 18256  9296 28112 30800 15456
  [3,] 23392  9632  7396 19608  3440 1548 22446  26746 11094  2494 10836 16770  27004 16856 14018  7138 21586 23650 11868
  [4,] 62016 25536 19608 51984  9120 4104 59508  70908 29412  6612 28728 44460  71592 44688 37164 18924 57228 62700 31464
  [5,] 10880  4480  3440  9120  1600  720 10440  12440  5160  1160  5040  7800  12560  7840  6520  3320 10040 11000  5520
  [6,]  4896  2016  1548  4104   720  324  4698   5598  2322   522  2268  3510   5652  3528  2934  1494  4518  4950  2484
  [7,] 70992 29232 22446 59508 10440 4698 68121  81171 33669  7569 32886 50895  81954 51156 42543 21663 65511 71775 36018
  [8,] 84592 34832 26746 70908 12440 5598 81171  96721 40119  9019 39186 60645  97654 60956 50693 25813 78061 85525 42918
  [9,] 35088 14448 11094 29412  5160 2322 33669  40119 16641  3741 16254 25155  40506 25284 21027 10707 32379 35475 17802
 [10,]  7888  3248  2494  6612  1160  522  7569   9019  3741   841  3654  5655   9106  5684  4727  2407  7279  7975  4002
 [11,] 34272 14112 10836 28728  5040 2268 32886  39186 16254  3654 15876 24570  39564 24696 20538 10458 31626 34650 17388
 [12,] 53040 21840 16770 44460  7800 3510 50895  60645 25155  5655 24570 38025  61230 38220 31785 16185 48945 53625 26910
 [13,] 85408 35168 27004 71592 12560 5652 81954  97654 40506  9106 39564 61230  98596 61544 51182 26062 78814 86350 43332
 [14,] 53312 21952 16856 44688  7840 3528 51156  60956 25284  5684 24696 38220  61544 38416 31948 16268 49196 53900 27048
 [15,] 44336 18256 14018 37164  6520 2934 42543  50693 21027  4727 20538 31785  51182 31948 26569 13529 40913 44825 22494
 [16,] 22576  9296  7138 18924  3320 1494 21663  25813 10707  2407 10458 16185  26062 16268 13529  6889 20833 22825 11454
 [17,] 68272 28112 21586 57228 10040 4518 65511  78061 32379  7279 31626 48945  78814 49196 40913 20833 63001 69025 34638
 [18,] 74800 30800 23650 62700 11000 4950 71775  85525 35475  7975 34650 53625  86350 53900 44825 22825 69025 75625 37950
 [19,] 37536 15456 11868 31464  5520 2484 36018  42918 17802  4002 17388 26910  43332 27048 22494 11454 34638 37950 19044
 [20,] 75888 31248 23994 63612 11160 5022 72819  86769 35991  8091 35154 54405  87606 54684 45477 23157 70029 76725 38502
 [21,] 76432 31472 24166 64068 11240 5058 73341  87391 36249  8149 35406 54795  88234 55076 45803 23323 70531 77275 38778
 [22,]   272   112    86   228    40   18   261    311   129    29   126   195    314   196   163    83   251   275   138
 [23,] 71264 29344 22532 59736 10480 4716 68382  81482 33798  7598 33012 51090  82268 51352 42706 21746 65762 72050 36156
 [24,] 58480 24080 18490 49020  8600 3870 56115  66865 27735  6235 27090 41925  67510 42140 35045 17845 53965 59125 29670
 [25,]  7072  2912  2236  5928  1040  468  6786   8086  3354   754  3276  5070   8164  5096  4238  2158  6526  7150  3588
 [26,] 13872  5712  4386 11628  2040  918 13311  15861  6579  1479  6426  9945  16014  9996  8313  4233 12801 14025  7038
 [27,] 52496 21616 16598 44004  7720 3474 50373  60023 24897  5597 24318 37635  60602 37828 31459 16019 48443 53075 26634
 [28,] 72624 29904 22962 60876 10680 4806 69687  83037 34443  7743 33642 52065  83838 52332 43521 22161 67017 73425 36846
 [29,] 19856  8176  6278 16644  2920 1314 19053  22703  9417  2117  9198 14235  22922 14308 11899  6059 18323 20075 10074
 [30,] 70176 28896 22188 58824 10320 4644 67338  80238 33282  7482 32508 50310  81012 50568 42054 21414 64758 70950 35604
 [31,] 67728 27888 21414 56772  9960 4482 64989  77439 32121  7221 31374 48555  78186 48804 40587 20667 62499 68475 34362
 [32,] 61200 25200 19350 51300  9000 4050 58725  69975 29025  6525 28350 43875  70650 44100 36675 18675 56475 61875 31050
 [33,] 81872 33712 25886 68628 12040 5418 78561  93611 38829  8729 37926 58695  94514 58996 49063 24983 75551 82775 41538
 [34,] 75344 31024 23822 63156 11080 4986 72297  86147 35733  8033 34902 54015  86978 54292 45151 22991 69527 76175 38226
 [35,] 17680  7280  5590 14820  2600 1170 16965  20215  8385  1885  8190 12675  20410 12740 10595  5395 16315 17875  8970
 [36,] 38080 15680 12040 31920  5600 2520 36540  43540 18060  4060 17640 27300  43960 27440 22820 11620 35140 38500 19320
 [37,] 83232 34272 26316 69768 12240 5508 79866  95166 39474  8874 38556 59670  96084 59976 49878 25398 76806 84150 42228
 [38,] 46240 19040 14620 38760  6800 3060 44370  52870 21930  4930 21420 33150  53380 33320 27710 14110 42670 46750 23460
 [39,] 27200 11200  8600 22800  4000 1800 26100  31100 12900  2900 12600 19500  31400 19600 16300  8300 25100 27500 13800
 [40,] 28288 11648  8944 23712  4160 1872 27144  32344 13416  3016 13104 20280  32656 20384 16952  8632 26104 28600 14352
 [41,]  1904   784   602  1596   280  126  1827   2177   903   203   882  1365   2198  1372  1141   581  1757  1925   966
 [42,] 28016 11536  8858 23484  4120 1854 26883  32033 13287  2987 12978 20085  32342 20188 16789  8549 25853 28325 14214
 [43,] 20944  8624  6622 17556  3080 1386 20097  23947  9933  2233  9702 15015  24178 15092 12551  6391 19327 21175 10626
 [44,] 79696 32816 25198 66804 11720 5274 76473  91123 37797  8497 36918 57135  92002 57428 47759 24319 73543 80575 40434
 [45,] 79968 32928 25284 67032 11760 5292 76734  91434 37926  8526 37044 57330  92316 57624 47922 24402 73794 80850 40572
 [46,] 87312 35952 27606 73188 12840 5778 83781  99831 41409  9309 40446 62595 100794 62916 52323 26643 80571 88275 44298
       [,20] [,21] [,22] [,23] [,24] [,25] [,26] [,27] [,28] [,29] [,30] [,31] [,32] [,33] [,34] [,35] [,36]  [,37] [,38]
  [1,] 75888 76432   272 71264 58480  7072 13872 52496 72624 19856 70176 67728 61200 81872 75344 17680 38080  83232 46240
  [2,] 31248 31472   112 29344 24080  2912  5712 21616 29904  8176 28896 27888 25200 33712 31024  7280 15680  34272 19040
  [3,] 23994 24166    86 22532 18490  2236  4386 16598 22962  6278 22188 21414 19350 25886 23822  5590 12040  26316 14620
  [4,] 63612 64068   228 59736 49020  5928 11628 44004 60876 16644 58824 56772 51300 68628 63156 14820 31920  69768 38760
  [5,] 11160 11240    40 10480  8600  1040  2040  7720 10680  2920 10320  9960  9000 12040 11080  2600  5600  12240  6800
  [6,]  5022  5058    18  4716  3870   468   918  3474  4806  1314  4644  4482  4050  5418  4986  1170  2520   5508  3060
  [7,] 72819 73341   261 68382 56115  6786 13311 50373 69687 19053 67338 64989 58725 78561 72297 16965 36540  79866 44370
  [8,] 86769 87391   311 81482 66865  8086 15861 60023 83037 22703 80238 77439 69975 93611 86147 20215 43540  95166 52870
  [9,] 35991 36249   129 33798 27735  3354  6579 24897 34443  9417 33282 32121 29025 38829 35733  8385 18060  39474 21930
 [10,]  8091  8149    29  7598  6235   754  1479  5597  7743  2117  7482  7221  6525  8729  8033  1885  4060   8874  4930
 [11,] 35154 35406   126 33012 27090  3276  6426 24318 33642  9198 32508 31374 28350 37926 34902  8190 17640  38556 21420
 [12,] 54405 54795   195 51090 41925  5070  9945 37635 52065 14235 50310 48555 43875 58695 54015 12675 27300  59670 33150
 [13,] 87606 88234   314 82268 67510  8164 16014 60602 83838 22922 81012 78186 70650 94514 86978 20410 43960  96084 53380
 [14,] 54684 55076   196 51352 42140  5096  9996 37828 52332 14308 50568 48804 44100 58996 54292 12740 27440  59976 33320
 [15,] 45477 45803   163 42706 35045  4238  8313 31459 43521 11899 42054 40587 36675 49063 45151 10595 22820  49878 27710
 [16,] 23157 23323    83 21746 17845  2158  4233 16019 22161  6059 21414 20667 18675 24983 22991  5395 11620  25398 14110
 [17,] 70029 70531   251 65762 53965  6526 12801 48443 67017 18323 64758 62499 56475 75551 69527 16315 35140  76806 42670
 [18,] 76725 77275   275 72050 59125  7150 14025 53075 73425 20075 70950 68475 61875 82775 76175 17875 38500  84150 46750
 [19,] 38502 38778   138 36156 29670  3588  7038 26634 36846 10074 35604 34362 31050 41538 38226  8970 19320  42228 23460
 [20,] 77841 78399   279 73098 59985  7254 14229 53847 74493 20367 71982 69471 62775 83979 77283 18135 39060  85374 47430
 [21,] 78399 78961   281 73622 60415  7306 14331 54233 75027 20513 72498 69969 63225 84581 77837 18265 39340  85986 47770
 [22,]   279   281     1   262   215    26    51   193   267    73   258   249   225   301   277    65   140    306   170
 [23,] 73098 73622   262 68644 56330  6812 13362 50566 69954 19126 67596 65238 58950 78862 72574 17030 36680  80172 44540
 [24,] 59985 60415   215 56330 46225  5590 10965 41495 57405 15695 55470 53535 48375 64715 59555 13975 30100  65790 36550
 [25,]  7254  7306    26  6812  5590   676  1326  5018  6942  1898  6708  6474  5850  7826  7202  1690  3640   7956  4420
 [26,] 14229 14331    51 13362 10965  1326  2601  9843 13617  3723 13158 12699 11475 15351 14127  3315  7140  15606  8670
 [27,] 53847 54233   193 50566 41495  5018  9843 37249 51531 14089 49794 48057 43425 58093 53461 12545 27020  59058 32810
 [28,] 74493 75027   267 69954 57405  6942 13617 51531 71289 19491 68886 66483 60075 80367 73959 17355 37380  81702 45390
 [29,] 20367 20513    73 19126 15695  1898  3723 14089 19491  5329 18834 18177 16425 21973 20221  4745 10220  22338 12410
 [30,] 71982 72498   258 67596 55470  6708 13158 49794 68886 18834 66564 64242 58050 77658 71466 16770 36120  78948 43860
 [31,] 69471 69969   249 65238 53535  6474 12699 48057 66483 18177 64242 62001 56025 74949 68973 16185 34860  76194 42330
 [32,] 62775 63225   225 58950 48375  5850 11475 43425 60075 16425 58050 56025 50625 67725 62325 14625 31500  68850 38250
 [33,] 83979 84581   301 78862 64715  7826 15351 58093 80367 21973 77658 74949 67725 90601 83377 19565 42140  92106 51170
 [34,] 77283 77837   277 72574 59555  7202 14127 53461 73959 20221 71466 68973 62325 83377 76729 18005 38780  84762 47090
 [35,] 18135 18265    65 17030 13975  1690  3315 12545 17355  4745 16770 16185 14625 19565 18005  4225  9100  19890 11050
 [36,] 39060 39340   140 36680 30100  3640  7140 27020 37380 10220 36120 34860 31500 42140 38780  9100 19600  42840 23800
 [37,] 85374 85986   306 80172 65790  7956 15606 59058 81702 22338 78948 76194 68850 92106 84762 19890 42840  93636 52020
 [38,] 47430 47770   170 44540 36550  4420  8670 32810 45390 12410 43860 42330 38250 51170 47090 11050 23800  52020 28900
 [39,] 27900 28100   100 26200 21500  2600  5100 19300 26700  7300 25800 24900 22500 30100 27700  6500 14000  30600 17000
 [40,] 29016 29224   104 27248 22360  2704  5304 20072 27768  7592 26832 25896 23400 31304 28808  6760 14560  31824 17680
 [41,]  1953  1967     7  1834  1505   182   357  1351  1869   511  1806  1743  1575  2107  1939   455   980   2142  1190
 [42,] 28737 28943   103 26986 22145  2678  5253 19879 27501  7519 26574 25647 23175 31003 28531  6695 14420  31518 17510
 [43,] 21483 21637    77 20174 16555  2002  3927 14861 20559  5621 19866 19173 17325 23177 21329  5005 10780  23562 13090
 [44,] 81747 82333   293 76766 62995  7618 14943 56549 78231 21389 75594 72957 65925 88193 81161 19045 41020  89658 49810
 [45,] 82026 82614   294 77028 63210  7644 14994 56742 78498 21462 75852 73206 66150 88494 81438 19110 41160  89964 49980
 [46,] 89559 90201   321 84102 69015  8346 16371 61953 85707 23433 82818 79929 72225 96621 88917 20865 44940  98226 54570
       [,39] [,40] [,41] [,42] [,43] [,44] [,45]  [,46]  [,47] [,48] [,49] [,50] [,51] [,52] [,53]  [,54] [,55] [,56]
  [1,] 27200 28288  1904 28016 20944 79696 79968  87312  89760 81600 36992 17408 24480 32096  6800  86496  1360 39712
  [2,] 11200 11648   784 11536  8624 32816 32928  35952  36960 33600 15232  7168 10080 13216  2800  35616   560 16352
  [3,]  8600  8944   602  8858  6622 25198 25284  27606  28380 25800 11696  5504  7740 10148  2150  27348   430 12556
  [4,] 22800 23712  1596 23484 17556 66804 67032  73188  75240 68400 31008 14592 20520 26904  5700  72504  1140 33288
  [5,]  4000  4160   280  4120  3080 11720 11760  12840  13200 12000  5440  2560  3600  4720  1000  12720   200  5840
  [6,]  1800  1872   126  1854  1386  5274  5292   5778   5940  5400  2448  1152  1620  2124   450   5724    90  2628
  [7,] 26100 27144  1827 26883 20097 76473 76734  83781  86130 78300 35496 16704 23490 30798  6525  82998  1305 38106
  [8,] 31100 32344  2177 32033 23947 91123 91434  99831 102630 93300 42296 19904 27990 36698  7775  98898  1555 45406
  [9,] 12900 13416   903 13287  9933 37797 37926  41409  42570 38700 17544  8256 11610 15222  3225  41022   645 18834
 [10,]  2900  3016   203  2987  2233  8497  8526   9309   9570  8700  3944  1856  2610  3422   725   9222   145  4234
 [11,] 12600 13104   882 12978  9702 36918 37044  40446  41580 37800 17136  8064 11340 14868  3150  40068   630 18396
 [12,] 19500 20280  1365 20085 15015 57135 57330  62595  64350 58500 26520 12480 17550 23010  4875  62010   975 28470
 [13,] 31400 32656  2198 32342 24178 92002 92316 100794 103620 94200 42704 20096 28260 37052  7850  99852  1570 45844
 [14,] 19600 20384  1372 20188 15092 57428 57624  62916  64680 58800 26656 12544 17640 23128  4900  62328   980 28616
 [15,] 16300 16952  1141 16789 12551 47759 47922  52323  53790 48900 22168 10432 14670 19234  4075  51834   815 23798
 [16,]  8300  8632   581  8549  6391 24319 24402  26643  27390 24900 11288  5312  7470  9794  2075  26394   415 12118
 [17,] 25100 26104  1757 25853 19327 73543 73794  80571  82830 75300 34136 16064 22590 29618  6275  79818  1255 36646
 [18,] 27500 28600  1925 28325 21175 80575 80850  88275  90750 82500 37400 17600 24750 32450  6875  87450  1375 40150
 [19,] 13800 14352   966 14214 10626 40434 40572  44298  45540 41400 18768  8832 12420 16284  3450  43884   690 20148
 [20,] 27900 29016  1953 28737 21483 81747 82026  89559  92070 83700 37944 17856 25110 32922  6975  88722  1395 40734
 [21,] 28100 29224  1967 28943 21637 82333 82614  90201  92730 84300 38216 17984 25290 33158  7025  89358  1405 41026
 [22,]   100   104     7   103    77   293   294    321    330   300   136    64    90   118    25    318     5   146
 [23,] 26200 27248  1834 26986 20174 76766 77028  84102  86460 78600 35632 16768 23580 30916  6550  83316  1310 38252
 [24,] 21500 22360  1505 22145 16555 62995 63210  69015  70950 64500 29240 13760 19350 25370  5375  68370  1075 31390
 [25,]  2600  2704   182  2678  2002  7618  7644   8346   8580  7800  3536  1664  2340  3068   650   8268   130  3796
 [26,]  5100  5304   357  5253  3927 14943 14994  16371  16830 15300  6936  3264  4590  6018  1275  16218   255  7446
 [27,] 19300 20072  1351 19879 14861 56549 56742  61953  63690 57900 26248 12352 17370 22774  4825  61374   965 28178
 [28,] 26700 27768  1869 27501 20559 78231 78498  85707  88110 80100 36312 17088 24030 31506  6675  84906  1335 38982
 [29,]  7300  7592   511  7519  5621 21389 21462  23433  24090 21900  9928  4672  6570  8614  1825  23214   365 10658
 [30,] 25800 26832  1806 26574 19866 75594 75852  82818  85140 77400 35088 16512 23220 30444  6450  82044  1290 37668
 [31,] 24900 25896  1743 25647 19173 72957 73206  79929  82170 74700 33864 15936 22410 29382  6225  79182  1245 36354
 [32,] 22500 23400  1575 23175 17325 65925 66150  72225  74250 67500 30600 14400 20250 26550  5625  71550  1125 32850
 [33,] 30100 31304  2107 31003 23177 88193 88494  96621  99330 90300 40936 19264 27090 35518  7525  95718  1505 43946
 [34,] 27700 28808  1939 28531 21329 81161 81438  88917  91410 83100 37672 17728 24930 32686  6925  88086  1385 40442
 [35,]  6500  6760   455  6695  5005 19045 19110  20865  21450 19500  8840  4160  5850  7670  1625  20670   325  9490
 [36,] 14000 14560   980 14420 10780 41020 41160  44940  46200 42000 19040  8960 12600 16520  3500  44520   700 20440
 [37,] 30600 31824  2142 31518 23562 89658 89964  98226 100980 91800 41616 19584 27540 36108  7650  97308  1530 44676
 [38,] 17000 17680  1190 17510 13090 49810 49980  54570  56100 51000 23120 10880 15300 20060  4250  54060   850 24820
 [39,] 10000 10400   700 10300  7700 29300 29400  32100  33000 30000 13600  6400  9000 11800  2500  31800   500 14600
 [40,] 10400 10816   728 10712  8008 30472 30576  33384  34320 31200 14144  6656  9360 12272  2600  33072   520 15184
 [41,]   700   728    49   721   539  2051  2058   2247   2310  2100   952   448   630   826   175   2226    35  1022
 [42,] 10300 10712   721 10609  7931 30179 30282  33063  33990 30900 14008  6592  9270 12154  2575  32754   515 15038
 [43,]  7700  8008   539  7931  5929 22561 22638  24717  25410 23100 10472  4928  6930  9086  1925  24486   385 11242
 [44,] 29300 30472  2051 30179 22561 85849 86142  94053  96690 87900 39848 18752 26370 34574  7325  93174  1465 42778
 [45,] 29400 30576  2058 30282 22638 86142 86436  94374  97020 88200 39984 18816 26460 34692  7350  93492  1470 42924
 [46,] 32100 33384  2247 33063 24717 94053 94374 103041 105930 96300 43656 20544 28890 37878  8025 102078  1605 46866
       [,57] [,58] [,59] [,60] [,61] [,62] [,63]  [,64]  [,65]  [,66] [,67] [,68] [,69] [,70] [,71] [,72] [,73] [,74]
  [1,] 13600 59296 78880 21760 36176 54400 16864  82416  88944  89216 18224 26928 45424 20128 71808 14144 57936 35360
  [2,]  5600 24416 32480  8960 14896 22400  6944  33936  36624  36736  7504 11088 18704  8288 29568  5824 23856 14560
  [3,]  4300 18748 24940  6880 11438 17200  5332  26058  28122  28208  5762  8514 14362  6364 22704  4472 18318 11180
  [4,] 11400 49704 66120 18240 30324 45600 14136  69084  74556  74784 15276 22572 38076 16872 60192 11856 48564 29640
  [5,]  2000  8720 11600  3200  5320  8000  2480  12120  13080  13120  2680  3960  6680  2960 10560  2080  8520  5200
  [6,]   900  3924  5220  1440  2394  3600  1116   5454   5886   5904  1206  1782  3006  1332  4752   936  3834  2340
  [7,] 13050 56898 75690 20880 34713 52200 16182  79083  85347  85608 17487 25839 43587 19314 68904 13572 55593 33930
  [8,] 15550 67798 90190 24880 41363 62200 19282  94233 101697 102008 20837 30789 51937 23014 82104 16172 66243 40430
  [9,]  6450 28122 37410 10320 17157 25800  7998  39087  42183  42312  8643 12771 21543  9546 34056  6708 27477 16770
 [10,]  1450  6322  8410  2320  3857  5800  1798   8787   9483   9512  1943  2871  4843  2146  7656  1508  6177  3770
 [11,]  6300 27468 36540 10080 16758 25200  7812  38178  41202  41328  8442 12474 21042  9324 33264  6552 26838 16380
 [12,]  9750 42510 56550 15600 25935 39000 12090  59085  63765  63960 13065 19305 32565 14430 51480 10140 41535 25350
 [13,] 15700 68452 91060 25120 41762 62800 19468  95142 102678 102992 21038 31086 52438 23236 82896 16328 66882 40820
 [14,]  9800 42728 56840 15680 26068 39200 12152  59388  64092  64288 13132 19404 32732 14504 51744 10192 41748 25480
 [15,]  8150 35534 47270 13040 21679 32600 10106  49389  53301  53464 10921 16137 27221 12062 43032  8476 34719 21190
 [16,]  4150 18094 24070  6640 11039 16600  5146  25149  27141  27224  5561  8217 13861  6142 21912  4316 17679 10790
 [17,] 12550 54718 72790 20080 33383 50200 15562  76053  82077  82328 16817 24849 41917 18574 66264 13052 53463 32630
 [18,] 13750 59950 79750 22000 36575 55000 17050  83325  89925  90200 18425 27225 45925 20350 72600 14300 58575 35750
 [19,]  6900 30084 40020 11040 18354 27600  8556  41814  45126  45264  9246 13662 23046 10212 36432  7176 29394 17940
 [20,] 13950 60822 80910 22320 37107 55800 17298  84537  91233  91512 18693 27621 46593 20646 73656 14508 59427 36270
 [21,] 14050 61258 81490 22480 37373 56200 17422  85143  91887  92168 18827 27819 46927 20794 74184 14612 59853 36530
 [22,]    50   218   290    80   133   200    62    303    327    328    67    99   167    74   264    52   213   130
 [23,] 13100 57116 75980 20960 34846 52400 16244  79386  85674  85936 17554 25938 43754 19388 69168 13624 55806 34060
 [24,] 10750 46870 62350 17200 28595 43000 13330  65145  70305  70520 14405 21285 35905 15910 56760 11180 45795 27950
 [25,]  1300  5668  7540  2080  3458  5200  1612   7878   8502   8528  1742  2574  4342  1924  6864  1352  5538  3380
 [26,]  2550 11118 14790  4080  6783 10200  3162  15453  16677  16728  3417  5049  8517  3774 13464  2652 10863  6630
 [27,]  9650 42074 55970 15440 25669 38600 11966  58479  63111  63304 12931 19107 32231 14282 50952 10036 41109 25090
 [28,] 13350 58206 77430 21360 35511 53400 16554  80901  87309  87576 17889 26433 44589 19758 70488 13884 56871 34710
 [29,]  3650 15914 21170  5840  9709 14600  4526  22119  23871  23944  4891  7227 12191  5402 19272  3796 15549  9490
 [30,] 12900 56244 74820 20640 34314 51600 15996  78174  84366  84624 17286 25542 43086 19092 68112 13416 54954 33540
 [31,] 12450 54282 72210 19920 33117 49800 15438  75447  81423  81672 16683 24651 41583 18426 65736 12948 53037 32370
 [32,] 11250 49050 65250 18000 29925 45000 13950  68175  73575  73800 15075 22275 37575 16650 59400 11700 47925 29250
 [33,] 15050 65618 87290 24080 40033 60200 18662  91203  98427  98728 20167 29799 50267 22274 79464 15652 64113 39130
 [34,] 13850 60386 80330 22160 36841 55400 17174  83931  90579  90856 18559 27423 46259 20498 73128 14404 59001 36010
 [35,]  3250 14170 18850  5200  8645 13000  4030  19695  21255  21320  4355  6435 10855  4810 17160  3380 13845  8450
 [36,]  7000 30520 40600 11200 18620 28000  8680  42420  45780  45920  9380 13860 23380 10360 36960  7280 29820 18200
 [37,] 15300 66708 88740 24480 40698 61200 18972  92718 100062 100368 20502 30294 51102 22644 80784 15912 65178 39780
 [38,]  8500 37060 49300 13600 22610 34000 10540  51510  55590  55760 11390 16830 28390 12580 44880  8840 36210 22100
 [39,]  5000 21800 29000  8000 13300 20000  6200  30300  32700  32800  6700  9900 16700  7400 26400  5200 21300 13000
 [40,]  5200 22672 30160  8320 13832 20800  6448  31512  34008  34112  6968 10296 17368  7696 27456  5408 22152 13520
 [41,]   350  1526  2030   560   931  1400   434   2121   2289   2296   469   693  1169   518  1848   364  1491   910
 [42,]  5150 22454 29870  8240 13699 20600  6386  31209  33681  33784  6901 10197 17201  7622 27192  5356 21939 13390
 [43,]  3850 16786 22330  6160 10241 15400  4774  23331  25179  25256  5159  7623 12859  5698 20328  4004 16401 10010
 [44,] 14650 63874 84970 23440 38969 58600 18166  88779  95811  96104 19631 29007 48931 21682 77352 15236 62409 38090
 [45,] 14700 64092 85260 23520 39102 58800 18228  89082  96138  96432 19698 29106 49098 21756 77616 15288 62622 38220
 [46,] 16050 69978 93090 25680 42693 64200 19902  97263 104967 105288 21507 31779 53607 23754 84744 16692 68373 41730
       [,75] [,76] [,77] [,78] [,79] [,80] [,81]  [,82] [,83] [,84] [,85] [,86] [,87] [,88] [,89] [,90] [,91] [,92] [,93]
  [1,] 28832 29920  9520  3264 69088 37808 17952  89488 34816 20400 34000 65824 72080 78064 40528 59024 67184 38896  2448
  [2,] 11872 12320  3920  1344 28448 15568  7392  36848 14336  8400 14000 27104 29680 32144 16688 24304 27664 16016  1008
  [3,]  9116  9460  3010  1032 21844 11954  5676  28294 11008  6450 10750 20812 22790 24682 12814 18662 21242 12298   774
  [4,] 24168 25080  7980  2736 57912 31692 15048  75012 29184 17100 28500 55176 60420 65436 33972 49476 56316 32604  2052
  [5,]  4240  4400  1400   480 10160  5560  2640  13160  5120  3000  5000  9680 10600 11480  5960  8680  9880  5720   360
  [6,]  1908  1980   630   216  4572  2502  1188   5922  2304  1350  2250  4356  4770  5166  2682  3906  4446  2574   162
  [7,] 27666 28710  9135  3132 66294 36279 17226  85869 33408 19575 32625 63162 69165 74907 38889 56637 64467 37323  2349
  [8,] 32966 34210 10885  3732 78994 43229 20526 102319 39808 23325 38875 75262 82415 89257 46339 67487 76817 44473  2799
  [9,] 13674 14190  4515  1548 32766 17931  8514  42441 16512  9675 16125 31218 34185 37023 19221 27993 31863 18447  1161
 [10,]  3074  3190  1015   348  7366  4031  1914   9541  3712  2175  3625  7018  7685  8323  4321  6293  7163  4147   261
 [11,] 13356 13860  4410  1512 32004 17514  8316  41454 16128  9450 15750 30492 33390 36162 18774 27342 31122 18018  1134
 [12,] 20670 21450  6825  2340 49530 27105 12870  64155 24960 14625 24375 47190 51675 55965 29055 42315 48165 27885  1755
 [13,] 33284 34540 10990  3768 79756 43646 20724 103306 40192 23550 39250 75988 83210 90118 46786 68138 77558 44902  2826
 [14,] 20776 21560  6860  2352 49784 27244 12936  64484 25088 14700 24500 47432 51940 56252 29204 42532 48412 28028  1764
 [15,] 17278 17930  5705  1956 41402 22657 10758  53627 20864 12225 20375 39446 43195 46781 24287 35371 40261 23309  1467
 [16,]  8798  9130  2905   996 21082 11537  5478  27307 10624  6225 10375 20086 21995 23821 12367 18011 20501 11869   747
 [17,] 26606 27610  8785  3012 63754 34889 16566  82579 32128 18825 31375 60742 66515 72037 37399 54467 61997 35893  2259
 [18,] 29150 30250  9625  3300 69850 38225 18150  90475 35200 20625 34375 66550 72875 78925 40975 59675 67925 39325  2475
 [19,] 14628 15180  4830  1656 35052 19182  9108  45402 17664 10350 17250 33396 36570 39606 20562 29946 34086 19734  1242
 [20,] 29574 30690  9765  3348 70866 38781 18414  91791 35712 20925 34875 67518 73935 80073 41571 60543 68913 39897  2511
 [21,] 29786 30910  9835  3372 71374 39059 18546  92449 35968 21075 35125 68002 74465 80647 41869 60977 69407 40183  2529
 [22,]   106   110    35    12   254   139    66    329   128    75   125   242   265   287   149   217   247   143     9
 [23,] 27772 28820  9170  3144 66548 36418 17292  86198 33536 19650 32750 63404 69430 75194 39038 56854 64714 37466  2358
 [24,] 22790 23650  7525  2580 54610 29885 14190  70735 27520 16125 26875 52030 56975 61705 32035 46655 53105 30745  1935
 [25,]  2756  2860   910   312  6604  3614  1716   8554  3328  1950  3250  6292  6890  7462  3874  5642  6422  3718   234
 [26,]  5406  5610  1785   612 12954  7089  3366  16779  6528  3825  6375 12342 13515 14637  7599 11067 12597  7293   459
 [27,] 20458 21230  6755  2316 49022 26827 12738  63497 24704 14475 24125 46706 51145 55391 28757 41881 47671 27599  1737
 [28,] 28302 29370  9345  3204 67818 37113 17622  87843 34176 20025 33375 64614 70755 76629 39783 57939 65949 38181  2403
 [29,]  7738  8030  2555   876 18542 10147  4818  24017  9344  5475  9125 17666 19345 20951 10877 15841 18031 10439   657
 [30,] 27348 28380  9030  3096 65532 35862 17028  84882 33024 19350 32250 62436 68370 74046 38442 55986 63726 36894  2322
 [31,] 26394 27390  8715  2988 63246 34611 16434  81921 31872 18675 31125 60258 65985 71463 37101 54033 61503 35607  2241
 [32,] 23850 24750  7875  2700 57150 31275 14850  74025 28800 16875 28125 54450 59625 64575 33525 48825 55575 32175  2025
 [33,] 31906 33110 10535  3612 76454 41839 19866  99029 38528 22575 37625 72842 79765 86387 44849 65317 74347 43043  2709
 [34,] 29362 30470  9695  3324 70358 38503 18282  91133 35456 20775 34625 67034 73405 79499 41273 60109 68419 39611  2493
 [35,]  6890  7150  2275   780 16510  9035  4290  21385  8320  4875  8125 15730 17225 18655  9685 14105 16055  9295   585
 [36,] 14840 15400  4900  1680 35560 19460  9240  46060 17920 10500 17500 33880 37100 40180 20860 30380 34580 20020  1260
 [37,] 32436 33660 10710  3672 77724 42534 20196 100674 39168 22950 38250 74052 81090 87822 45594 66402 75582 43758  2754
 [38,] 18020 18700  5950  2040 43180 23630 11220  55930 21760 12750 21250 41140 45050 48790 25330 36890 41990 24310  1530
 [39,] 10600 11000  3500  1200 25400 13900  6600  32900 12800  7500 12500 24200 26500 28700 14900 21700 24700 14300   900
 [40,] 11024 11440  3640  1248 26416 14456  6864  34216 13312  7800 13000 25168 27560 29848 15496 22568 25688 14872   936
 [41,]   742   770   245    84  1778   973   462   2303   896   525   875  1694  1855  2009  1043  1519  1729  1001    63
 [42,] 10918 11330  3605  1236 26162 14317  6798  33887 13184  7725 12875 24926 27295 29561 15347 22351 25441 14729   927
 [43,]  8162  8470  2695   924 19558 10703  5082  25333  9856  5775  9625 18634 20405 22099 11473 16709 19019 11011   693
 [44,] 31058 32230 10255  3516 74422 40727 19338  96397 37504 21975 36625 70906 77645 84091 43657 63581 72371 41899  2637
 [45,] 31164 32340 10290  3528 74676 40866 19404  96726 37632 22050 36750 71148 77910 84378 43806 63798 72618 42042  2646
 [46,] 34026 35310 11235  3852 81534 44619 21186 105609 41088 24075 40125 77682 85065 92127 47829 69657 79287 45903  2889
       [,94] [,95] [,96] [,97] [,98] [,99] [,100] [,101] [,102] [,103] [,104] [,105] [,106] [,107] [,108] [,109] [,110]
  [1,] 42432 63648 49232 43520 43792 56304  40800  71536  39984  65280  34544    544  72352  85136  41616  16320  41888
  [2,] 17472 26208 20272 17920 18032 23184  16800  29456  16464  26880  14224    224  29792  35056  17136   6720  17248
  [3,] 13416 20124 15566 13760 13846 17802  12900  22618  12642  20640  10922    172  22876  26918  13158   5160  13244
  [4,] 35568 53352 41268 36480 36708 47196  34200  59964  33516  54720  28956    456  60648  71364  34884  13680  35112
  [5,]  6240  9360  7240  6400  6440  8280   6000  10520   5880   9600   5080     80  10640  12520   6120   2400   6160
  [6,]  2808  4212  3258  2880  2898  3726   2700   4734   2646   4320   2286     36   4788   5634   2754   1080   2772
  [7,] 40716 61074 47241 41760 42021 54027  39150  68643  38367  62640  33147    522  69426  81693  39933  15660  40194
  [8,] 48516 72774 56291 49760 50071 64377  46650  81793  45717  74640  39497    622  82726  97343  47583  18660  47894
  [9,] 20124 30186 23349 20640 20769 26703  19350  33927  18963  30960  16383    258  34314  40377  19737   7740  19866
 [10,]  4524  6786  5249  4640  4669  6003   4350   7627   4263   6960   3683     58   7714   9077   4437   1740   4466
 [11,] 19656 29484 22806 20160 20286 26082  18900  33138  18522  30240  16002    252  33516  39438  19278   7560  19404
 [12,] 30420 45630 35295 31200 31395 40365  29250  51285  28665  46800  24765    390  51870  61035  29835  11700  30030
 [13,] 48984 73476 56834 50240 50554 64998  47100  82582  46158  75360  39878    628  83524  98282  48042  18840  48356
 [14,] 30576 45864 35476 31360 31556 40572  29400  51548  28812  47040  24892    392  52136  61348  29988  11760  30184
 [15,] 25428 38142 29503 26080 26243 33741  24450  42869  23961  39120  20701    326  43358  51019  24939   9780  25102
 [16,] 12948 19422 15023 13280 13363 17181  12450  21829  12201  19920  10541    166  22078  25979  12699   4980  12782
 [17,] 39156 58734 45431 40160 40411 51957  37650  66013  36897  60240  31877    502  66766  78563  38403  15060  38654
 [18,] 42900 64350 49775 44000 44275 56925  41250  72325  40425  66000  34925    550  73150  86075  42075  16500  42350
 [19,] 21528 32292 24978 22080 22218 28566  20700  36294  20286  33120  17526    276  36708  43194  21114   8280  21252
 [20,] 43524 65286 50499 44640 44919 57753  41850  73377  41013  66960  35433    558  74214  87327  42687  16740  42966
 [21,] 43836 65754 50861 44960 45241 58167  42150  73903  41307  67440  35687    562  74746  87953  42993  16860  43274
 [22,]   156   234   181   160   161   207    150    263    147    240    127      2    266    313    153     60    154
 [23,] 40872 61308 47422 41920 42182 54234  39300  68906  38514  62880  33274    524  69692  82006  40086  15720  40348
 [24,] 33540 50310 38915 34400 34615 44505  32250  56545  31605  51600  27305    430  57190  67295  32895  12900  33110
 [25,]  4056  6084  4706  4160  4186  5382   3900   6838   3822   6240   3302     52   6916   8138   3978   1560   4004
 [26,]  7956 11934  9231  8160  8211 10557   7650  13413   7497  12240   6477    102  13566  15963   7803   3060   7854
 [27,] 30108 45162 34933 30880 31073 39951  28950  50759  28371  46320  24511    386  51338  60409  29529  11580  29722
 [28,] 41652 62478 48327 42720 42987 55269  40050  70221  39249  64080  33909    534  71022  83571  40851  16020  41118
 [29,] 11388 17082 13213 11680 11753 15111  10950  19199  10731  17520   9271    146  19418  22849  11169   4380  11242
 [30,] 40248 60372 46698 41280 41538 53406  38700  67854  37926  61920  32766    516  68628  80754  39474  15480  39732
 [31,] 38844 58266 45069 39840 40089 51543  37350  65487  36603  59760  31623    498  66234  77937  38097  14940  38346
 [32,] 35100 52650 40725 36000 36225 46575  33750  59175  33075  54000  28575    450  59850  70425  34425  13500  34650
 [33,] 46956 70434 54481 48160 48461 62307  45150  79163  44247  72240  38227    602  80066  94213  46053  18060  46354
 [34,] 43212 64818 50137 44320 44597 57339  41550  72851  40719  66480  35179    554  73682  86701  42381  16620  42658
 [35,] 10140 15210 11765 10400 10465 13455   9750  17095   9555  15600   8255    130  17290  20345   9945   3900  10010
 [36,] 21840 32760 25340 22400 22540 28980  21000  36820  20580  33600  17780    280  37240  43820  21420   8400  21560
 [37,] 47736 71604 55386 48960 49266 63342  45900  80478  44982  73440  38862    612  81396  95778  46818  18360  47124
 [38,] 26520 39780 30770 27200 27370 35190  25500  44710  24990  40800  21590    340  45220  53210  26010  10200  26180
 [39,] 15600 23400 18100 16000 16100 20700  15000  26300  14700  24000  12700    200  26600  31300  15300   6000  15400
 [40,] 16224 24336 18824 16640 16744 21528  15600  27352  15288  24960  13208    208  27664  32552  15912   6240  16016
 [41,]  1092  1638  1267  1120  1127  1449   1050   1841   1029   1680    889     14   1862   2191   1071    420   1078
 [42,] 16068 24102 18643 16480 16583 21321  15450  27089  15141  24720  13081    206  27398  32239  15759   6180  15862
 [43,] 12012 18018 13937 12320 12397 15939  11550  20251  11319  18480   9779    154  20482  24101  11781   4620  11858
 [44,] 45708 68562 53033 46880 47173 60651  43950  77059  43071  70320  37211    586  77938  91709  44829  17580  45122
 [45,] 45864 68796 53214 47040 47334 60858  44100  77322  43218  70560  37338    588  78204  92022  44982  17640  45276
 [46,] 50076 75114 58101 51360 51681 66447  48150  84423  47187  77040  40767    642  85386 100473  49113  19260  49434
       [,111] [,112] [,113] [,114] [,115] [,116] [,117] [,118] [,119] [,120] [,121] [,122] [,123] [,124] [,125] [,126]
  [1,]  48416  87856   3808  90304  49776  56032  45152  21216  58208  46512  39440  33728  45968  72896  47872  36720
  [2,]  19936  36176   1568  37184  20496  23072  18592   8736  23968  19152  16240  13888  18928  30016  19712  15120
  [3,]  15308  27778   1204  28552  15738  17716  14276   6708  18404  14706  12470  10664  14534  23048  15136  11610
  [4,]  40584  73644   3192  75696  41724  46968  37848  17784  48792  38988  33060  28272  38532  61104  40128  30780
  [5,]   7120  12920    560  13280   7320   8240   6640   3120   8560   6840   5800   4960   6760  10720   7040   5400
  [6,]   3204   5814    252   5976   3294   3708   2988   1404   3852   3078   2610   2232   3042   4824   3168   2430
  [7,]  46458  84303   3654  86652  47763  53766  43326  20358  55854  44631  37845  32364  44109  69948  45936  35235
  [8,]  55358 100453   4354 103252  56913  64066  51626  24258  66554  53181  45095  38564  52559  83348  54736  41985
  [9,]  22962  41667   1806  42828  23607  26574  21414  10062  27606  22059  18705  15996  21801  34572  22704  17415
 [10,]   5162   9367    406   9628   5307   5974   4814   2262   6206   4959   4205   3596   4901   7772   5104   3915
 [11,]  22428  40698   1764  41832  23058  25956  20916   9828  26964  21546  18270  15624  21294  33768  22176  17010
 [12,]  34710  62985   2730  64740  35685  40170  32370  15210  41730  33345  28275  24180  32955  52260  34320  26325
 [13,]  55892 101422   4396 104248  57462  64684  52124  24492  67196  53694  45530  38936  53066  84152  55264  42390
 [14,]  34888  63308   2744  65072  35868  40376  32536  15288  41944  33516  28420  24304  33124  52528  34496  26460
 [15,]  29014  52649   2282  54116  29829  33578  27058  12714  34882  27873  23635  20212  27547  43684  28688  22005
 [16,]  14774  26809   1162  27556  15189  17098  13778   6474  17762  14193  12035  10292  14027  22244  14608  11205
 [17,]  44678  81073   3514  83332  45933  51706  41666  19578  53714  42921  36395  31124  42419  67268  44176  33885
 [18,]  48950  88825   3850  91300  50325  56650  45650  21450  58850  47025  39875  34100  46475  73700  48400  37125
 [19,]  24564  44574   1932  45816  25254  28428  22908  10764  29532  23598  20010  17112  23322  36984  24288  18630
 [20,]  49662  90117   3906  92628  51057  57474  46314  21762  59706  47709  40455  34596  47151  74772  49104  37665
 [21,]  50018  90763   3934  93292  51423  57886  46646  21918  60134  48051  40745  34844  47489  75308  49456  37935
 [22,]    178    323     14    332    183    206    166     78    214    171    145    124    169    268    176    135
 [23,]  46636  84626   3668  86984  47946  53972  43492  20436  56068  44802  37990  32488  44278  70216  46112  35370
 [24,]  38270  69445   3010  71380  39345  44290  35690  16770  46010  36765  31175  26660  36335  57620  37840  29025
 [25,]   4628   8398    364   8632   4758   5356   4316   2028   5564   4446   3770   3224   4394   6968   4576   3510
 [26,]   9078  16473    714  16932   9333  10506   8466   3978  10914   8721   7395   6324   8619  13668   8976   6885
 [27,]  34354  62339   2702  64076  35319  39758  32038  15054  41302  33003  27985  23932  32617  51724  33968  26055
 [28,]  47526  86241   3738  88644  48861  55002  44322  20826  57138  45657  38715  33108  45123  71556  46992  36045
 [29,]  12994  23579   1022  24236  13359  15038  12118   5694  15622  12483  10585   9052  12337  19564  12848   9855
 [30,]  45924  83334   3612  85656  47214  53148  42828  20124  55212  44118  37410  31992  43602  69144  45408  34830
 [31,]  44322  80427   3486  82668  45567  51294  41334  19422  53286  42579  36105  30876  42081  66732  43824  33615
 [32,]  40050  72675   3150  74700  41175  46350  37350  17550  48150  38475  32625  27900  38025  60300  39600  30375
 [33,]  53578  97223   4214  99932  55083  62006  49966  23478  64414  51471  43645  37324  50869  80668  52976  40635
 [34,]  49306  89471   3878  91964  50691  57062  45982  21606  59278  47367  40165  34348  46813  74236  48752  37395
 [35,]  11570  20995    910  21580  11895  13390  10790   5070  13910  11115   9425   8060  10985  17420  11440   8775
 [36,]  24920  45220   1960  46480  25620  28840  23240  10920  29960  23940  20300  17360  23660  37520  24640  18900
 [37,]  54468  98838   4284 101592  55998  63036  50796  23868  65484  52326  44370  37944  51714  82008  53856  41310
 [38,]  30260  54910   2380  56440  31110  35020  28220  13260  36380  29070  24650  21080  28730  45560  29920  22950
 [39,]  17800  32300   1400  33200  18300  20600  16600   7800  21400  17100  14500  12400  16900  26800  17600  13500
 [40,]  18512  33592   1456  34528  19032  21424  17264   8112  22256  17784  15080  12896  17576  27872  18304  14040
 [41,]   1246   2261     98   2324   1281   1442   1162    546   1498   1197   1015    868   1183   1876   1232    945
 [42,]  18334  33269   1442  34196  18849  21218  17098   8034  22042  17613  14935  12772  17407  27604  18128  13905
 [43,]  13706  24871   1078  25564  14091  15862  12782   6006  16478  13167  11165   9548  13013  20636  13552  10395
 [44,]  52154  94639   4102  97276  53619  60358  48638  22854  62702  50103  42485  36332  49517  78524  51568  39555
 [45,]  52332  94962   4116  97608  53802  60564  48804  22932  62916  50274  42630  36456  49686  78792  51744  39690
 [46,]  57138 103683   4494 106572  58743  66126  53286  25038  68694  54891  46545  39804  54249  86028  56496  43335
       [,127] [,128] [,129] [,130] [,131] [,132] [,133] [,134] [,135] [,136] [,137] [,138] [,139] [,140] [,141] [,142]
  [1,]  42704  25840   4352  50048  51408  51680  40256  85680  52768  45696  51952  73168  44064  16048   2992  30736
  [2,]  17584  10640   1792  20608  21168  21280  16576  35280  21728  18816  21392  30128  18144   6608   1232  12656
  [3,]  13502   8170   1376  15824  16254  16340  12728  27090  16684  14448  16426  23134  13932   5074    946   9718
  [4,]  35796  21660   3648  41952  43092  43320  33744  71820  44232  38304  43548  61332  36936  13452   2508  25764
  [5,]   6280   3800    640   7360   7560   7600   5920  12600   7760   6720   7640  10760   6480   2360    440   4520
  [6,]   2826   1710    288   3312   3402   3420   2664   5670   3492   3024   3438   4842   2916   1062    198   2034
  [7,]  40977  24795   4176  48024  49329  49590  38628  82215  50634  43848  49851  70209  42282  15399   2871  29493
  [8,]  48827  29545   4976  57224  58779  59090  46028  97965  60334  52248  59401  83659  50382  18349   3421  35143
  [9,]  20253  12255   2064  23736  24381  24510  19092  40635  25026  21672  24639  34701  20898   7611   1419  14577
 [10,]   4553   2755    464   5336   5481   5510   4292   9135   5626   4872   5539   7801   4698   1711    319   3277
 [11,]  19782  11970   2016  23184  23814  23940  18648  39690  24444  21168  24066  33894  20412   7434   1386  14238
 [12,]  30615  18525   3120  35880  36855  37050  28860  61425  37830  32760  37245  52455  31590  11505   2145  22035
 [13,]  49298  29830   5024  57776  59346  59660  46472  98910  60916  52752  59974  84466  50868  18526   3454  35482
 [14,]  30772  18620   3136  36064  37044  37240  29008  61740  38024  32928  37436  52724  31752  11564   2156  22148
 [15,]  25591  15485   2608  29992  30807  30970  24124  51345  31622  27384  31133  43847  26406   9617   1793  18419
 [16,]  13031   7885   1328  15272  15687  15770  12284  26145  16102  13944  15853  22327  13446   4897    913   9379
 [17,]  39407  23845   4016  46184  47439  47690  37148  79065  48694  42168  47941  67519  40662  14809   2761  28363
 [18,]  43175  26125   4400  50600  51975  52250  40700  86625  53350  46200  52525  73975  44550  16225   3025  31075
 [19,]  21666  13110   2208  25392  26082  26220  20424  43470  26772  23184  26358  37122  22356   8142   1518  15594
 [20,]  43803  26505   4464  51336  52731  53010  41292  87885  54126  46872  53289  75051  45198  16461   3069  31527
 [21,]  44117  26695   4496  51704  53109  53390  41588  88515  54514  47208  53671  75589  45522  16579   3091  31753
 [22,]    157     95     16    184    189    190    148    315    194    168    191    269    162     59     11    113
 [23,]  41134  24890   4192  48208  49518  49780  38776  82530  50828  44016  50042  70478  42444  15458   2882  29606
 [24,]  33755  20425   3440  39560  40635  40850  31820  67725  41710  36120  41065  57835  34830  12685   2365  24295
 [25,]   4082   2470    416   4784   4914   4940   3848   8190   5044   4368   4966   6994   4212   1534    286   2938
 [26,]   8007   4845    816   9384   9639   9690   7548  16065   9894   8568   9741  13719   8262   3009    561   5763
 [27,]  30301  18335   3088  35512  36477  36670  28564  60795  37442  32424  36863  51917  31266  11387   2123  21809
 [28,]  41919  25365   4272  49128  50463  50730  39516  84105  51798  44856  50997  71823  43254  15753   2937  30171
 [29,]  11461   6935   1168  13432  13797  13870  10804  22995  14162  12264  13943  19637  11826   4307    803   8249
 [30,]  40506  24510   4128  47472  48762  49020  38184  81270  50052  43344  49278  69402  41796  15222   2838  29154
 [31,]  39093  23655   3984  45816  47061  47310  36852  78435  48306  41832  47559  66981  40338  14691   2739  28137
 [32,]  35325  21375   3600  41400  42525  42750  33300  70875  43650  37800  42975  60525  36450  13275   2475  25425
 [33,]  47257  28595   4816  55384  56889  57190  44548  94815  58394  50568  57491  80969  48762  17759   3311  34013
 [34,]  43489  26315   4432  50968  52353  52630  40996  87255  53738  46536  52907  74513  44874  16343   3047  31301
 [35,]  10205   6175   1040  11960  12285  12350   9620  20475  12610  10920  12415  17485  10530   3835    715   7345
 [36,]  21980  13300   2240  25760  26460  26600  20720  44100  27160  23520  26740  37660  22680   8260   1540  15820
 [37,]  48042  29070   4896  56304  57834  58140  45288  96390  59364  51408  58446  82314  49572  18054   3366  34578
 [38,]  26690  16150   2720  31280  32130  32300  25160  53550  32980  28560  32470  45730  27540  10030   1870  19210
 [39,]  15700   9500   1600  18400  18900  19000  14800  31500  19400  16800  19100  26900  16200   5900   1100  11300
 [40,]  16328   9880   1664  19136  19656  19760  15392  32760  20176  17472  19864  27976  16848   6136   1144  11752
 [41,]   1099    665    112   1288   1323   1330   1036   2205   1358   1176   1337   1883   1134    413     77    791
 [42,]  16171   9785   1648  18952  19467  19570  15244  32445  19982  17304  19673  27707  16686   6077   1133  11639
 [43,]  12089   7315   1232  14168  14553  14630  11396  24255  14938  12936  14707  20713  12474   4543    847   8701
 [44,]  46001  27835   4688  53912  55377  55670  43364  92295  56842  49224  55963  78817  47466  17287   3223  33109
 [45,]  46158  27930   4704  54096  55566  55860  43512  92610  57036  49392  56154  79086  47628  17346   3234  33222
 [46,]  50397  30495   5136  59064  60669  60990  47508 101115  62274  53928  61311  86349  52002  18939   3531  36273
       [,143] [,144] [,145] [,146] [,147] [,148] [,149] [,150] [,151] [,152] [,153] [,154] [,155] [,156] [,157] [,158]
  [1,]  10336  55488  63104   6528  65008  41072  14416  85952   1088  27744  21488  23664  60656  74528  61472  54944
  [2,]   4256  22848  25984   2688  26768  16912   5936  35392    448  11424   8848   9744  24976  30688  25312  22624
  [3,]   3268  17544  19952   2064  20554  12986   4558  27176    344   8772   6794   7482  19178  23564  19436  17372
  [4,]   8664  46512  52896   5472  54492  34428  12084  72048    912  23256  18012  19836  50844  62472  51528  46056
  [5,]   1520   8160   9280    960   9560   6040   2120  12640    160   4080   3160   3480   8920  10960   9040   8080
  [6,]    684   3672   4176    432   4302   2718    954   5688     72   1836   1422   1566   4014   4932   4068   3636
  [7,]   9918  53244  60552   6264  62379  39411  13833  82476   1044  26622  20619  22707  58203  71514  58986  52722
  [8,]  11818  63444  72152   7464  74329  46961  16483  98276   1244  31722  24569  27057  69353  85214  70286  62822
  [9,]   4902  26316  29928   3096  30831  19479   6837  40764    516  13158  10191  11223  28767  35346  29154  26058
 [10,]   1102   5916   6728    696   6931   4379   1537   9164    116   2958   2291   2523   6467   7946   6554   5858
 [11,]   4788  25704  29232   3024  30114  19026   6678  39816    504  12852   9954  10962  28098  34524  28476  25452
 [12,]   7410  39780  45240   4680  46605  29445  10335  61620    780  19890  15405  16965  43485  53430  44070  39390
 [13,]  11932  64056  72848   7536  75046  47414  16642  99224   1256  32028  24806  27318  70022  86036  70964  63428
 [14,]   7448  39984  45472   4704  46844  29596  10388  61936    784  19992  15484  17052  43708  53704  44296  39592
 [15,]   6194  33252  37816   3912  38957  24613   8639  51508    652  16626  12877  14181  36349  44662  36838  32926
 [16,]   3154  16932  19256   1992  19837  12533   4399  26228    332   8466   6557   7221  18509  22742  18758  16766
 [17,]   9538  51204  58232   6024  59989  37901  13303  79316   1004  25602  19829  21837  55973  68774  56726  50702
 [18,]  10450  56100  63800   6600  65725  41525  14575  86900   1100  28050  21725  23925  61325  75350  62150  55550
 [19,]   5244  28152  32016   3312  32982  20838   7314  43608    552  14076  10902  12006  30774  37812  31188  27876
 [20,]  10602  56916  64728   6696  66681  42129  14787  88164   1116  28458  22041  24273  62217  76446  63054  56358
 [21,]  10678  57324  65192   6744  67159  42431  14893  88796   1124  28662  22199  24447  62663  76994  63506  56762
 [22,]     38    204    232     24    239    151     53    316      4    102     79     87    223    274    226    202
 [23,]   9956  53448  60784   6288  62618  39562  13886  82792   1048  26724  20698  22794  58426  71788  59212  52924
 [24,]   8170  43860  49880   5160  51385  32465  11395  67940    860  21930  16985  18705  47945  58910  48590  43430
 [25,]    988   5304   6032    624   6214   3926   1378   8216    104   2652   2054   2262   5798   7124   5876   5252
 [26,]   1938  10404  11832   1224  12189   7701   2703  16116    204   5202   4029   4437  11373  13974  11526  10302
 [27,]   7334  39372  44776   4632  46127  29143  10229  60988    772  19686  15247  16791  43039  52882  43618  38986
 [28,]  10146  54468  61944   6408  63813  40317  14151  84372   1068  27234  21093  23229  59541  73158  60342  53934
 [29,]   2774  14892  16936   1752  17447  11023   3869  23068    292   7446   5767   6351  16279  20002  16498  14746
 [30,]   9804  52632  59856   6192  61662  38958  13674  81528   1032  26316  20382  22446  57534  70692  58308  52116
 [31,]   9462  50796  57768   5976  59511  37599  13197  78684    996  25398  19671  21663  55527  68226  56274  50298
 [32,]   8550  45900  52200   5400  53775  33975  11925  71100    900  22950  17775  19575  50175  61650  50850  45450
 [33,]  11438  61404  69832   7224  71939  45451  15953  95116   1204  30702  23779  26187  67123  82474  68026  60802
 [34,]  10526  56508  64264   6648  66203  41827  14681  87532   1108  28254  21883  24099  61771  75898  62602  55954
 [35,]   2470  13260  15080   1560  15535   9815   3445  20540    260   6630   5135   5655  14495  17810  14690  13130
 [36,]   5320  28560  32480   3360  33460  21140   7420  44240    560  14280  11060  12180  31220  38360  31640  28280
 [37,]  11628  62424  70992   7344  73134  46206  16218  96696   1224  31212  24174  26622  68238  83844  69156  61812
 [38,]   6460  34680  39440   4080  40630  25670   9010  53720    680  17340  13430  14790  37910  46580  38420  34340
 [39,]   3800  20400  23200   2400  23900  15100   5300  31600    400  10200   7900   8700  22300  27400  22600  20200
 [40,]   3952  21216  24128   2496  24856  15704   5512  32864    416  10608   8216   9048  23192  28496  23504  21008
 [41,]    266   1428   1624    168   1673   1057    371   2212     28    714    553    609   1561   1918   1582   1414
 [42,]   3914  21012  23896   2472  24617  15553   5459  32548    412  10506   8137   8961  22969  28222  23278  20806
 [43,]   2926  15708  17864   1848  18403  11627   4081  24332    308   7854   6083   6699  17171  21098  17402  15554
 [44,]  11134  59772  67976   7032  70027  44243  15529  92588   1172  29886  23147  25491  65339  80282  66218  59186
 [45,]  11172  59976  68208   7056  70266  44394  15582  92904   1176  29988  23226  25578  65562  80556  66444  59388
 [46,]  12198  65484  74472   7704  76719  48471  17013 101436   1284  32742  25359  27927  71583  87954  72546  64842
       [,159] [,160] [,161] [,162] [,163] [,164] [,165] [,166] [,167] [,168] [,169] [,170] [,171] [,172] [,173] [,174]
  [1,]  69360  31824  69904  33456  13328  65552  20672  58752  66368    816  27472  14960  76976  53584  23120   9792
  [2,]  28560  13104  28784  13776   5488  26992   8512  24192  27328    336  11312   6160  31696  22064   9520   4032
  [3,]  21930  10062  22102  10578   4214  20726   6536  18576  20984    258   8686   4730  24338  16942   7310   3096
  [4,]  58140  26676  58596  28044  11172  54948  17328  49248  55632    684  23028  12540  64524  44916  19380   8208
  [5,]  10200   4680  10280   4920   1960   9640   3040   8640   9760    120   4040   2200  11320   7880   3400   1440
  [6,]   4590   2106   4626   2214    882   4338   1368   3888   4392     54   1818    990   5094   3546   1530    648
  [7,]  66555  30537  67077  32103  12789  62901  19836  56376  63684    783  26361  14355  73863  51417  22185   9396
  [8,]  79305  36387  79927  38253  15239  74951  23636  67176  75884    933  31411  17105  88013  61267  26435  11196
  [9,]  32895  15093  33153  15867   6321  31089   9804  27864  31476    387  13029   7095  36507  25413  10965   4644
 [10,]   7395   3393   7453   3567   1421   6989   2204   6264   7076     87   2929   1595   8207   5713   2465   1044
 [11,]  32130  14742  32382  15498   6174  30366   9576  27216  30744    378  12726   6930  35658  24822  10710   4536
 [12,]  49725  22815  50115  23985   9555  46995  14820  42120  47580    585  19695  10725  55185  38415  16575   7020
 [13,]  80070  36738  80698  38622  15386  75674  23864  67824  76616    942  31714  17270  88862  61858  26690  11304
 [14,]  49980  22932  50372  24108   9604  47236  14896  42336  47824    588  19796  10780  55468  38612  16660   7056
 [15,]  41565  19071  41891  20049   7987  39283  12388  35208  39772    489  16463   8965  46129  32111  13855   5868
 [16,]  21165   9711  21331  10209   4067  20003   6308  17928  20252    249   8383   4565  23489  16351   7055   2988
 [17,]  64005  29367  64507  30873  12299  60491  19076  54216  61244    753  25351  13805  71033  49447  21335   9036
 [18,]  70125  32175  70675  33825  13475  66275  20900  59400  67100    825  27775  15125  77825  54175  23375   9900
 [19,]  35190  16146  35466  16974   6762  33258  10488  29808  33672    414  13938   7590  39054  27186  11730   4968
 [20,]  71145  32643  71703  34317  13671  67239  21204  60264  68076    837  28179  15345  78957  54963  23715  10044
 [21,]  71655  32877  72217  34563  13769  67721  21356  60696  68564    843  28381  15455  79523  55357  23885  10116
 [22,]    255    117    257    123     49    241     76    216    244      3    101     55    283    197     85     36
 [23,]  66810  30654  67334  32226  12838  63142  19912  56592  63928    786  26462  14410  74146  51614  22270   9432
 [24,]  54825  25155  55255  26445  10535  51815  16340  46440  52460    645  21715  11825  60845  42355  18275   7740
 [25,]   6630   3042   6682   3198   1274   6266   1976   5616   6344     78   2626   1430   7358   5122   2210    936
 [26,]  13005   5967  13107   6273   2499  12291   3876  11016  12444    153   5151   2805  14433  10047   4335   1836
 [27,]  49215  22581  49601  23739   9457  46513  14668  41688  47092    579  19493  10615  54619  38021  16405   6948
 [28,]  68085  31239  68619  32841  13083  64347  20292  57672  65148    801  26967  14685  75561  52599  22695   9612
 [29,]  18615   8541  18761   8979   3577  17593   5548  15768  17812    219   7373   4015  20659  14381   6205   2628
 [30,]  65790  30186  66306  31734  12642  62178  19608  55728  62952    774  26058  14190  73014  50826  21930   9288
 [31,]  63495  29133  63993  30627  12201  60009  18924  53784  60756    747  25149  13695  70467  49053  21165   8964
 [32,]  57375  26325  57825  27675  11025  54225  17100  48600  54900    675  22725  12375  63675  44325  19125   8100
 [33,]  76755  35217  77357  37023  14749  72541  22876  65016  73444    903  30401  16555  85183  59297  25585  10836
 [34,]  70635  32409  71189  34071  13573  66757  21052  59832  67588    831  27977  15235  78391  54569  23545   9972
 [35,]  16575   7605  16705   7995   3185  15665   4940  14040  15860    195   6565   3575  18395  12805   5525   2340
 [36,]  35700  16380  35980  17220   6860  33740  10640  30240  34160    420  14140   7700  39620  27580  11900   5040
 [37,]  78030  35802  78642  37638  14994  73746  23256  66096  74664    918  30906  16830  86598  60282  26010  11016
 [38,]  43350  19890  43690  20910   8330  40970  12920  36720  41480    510  17170   9350  48110  33490  14450   6120
 [39,]  25500  11700  25700  12300   4900  24100   7600  21600  24400    300  10100   5500  28300  19700   8500   3600
 [40,]  26520  12168  26728  12792   5096  25064   7904  22464  25376    312  10504   5720  29432  20488   8840   3744
 [41,]   1785    819   1799    861    343   1687    532   1512   1708     21    707    385   1981   1379    595    252
 [42,]  26265  12051  26471  12669   5047  24823   7828  22248  25132    309  10403   5665  29149  20291   8755   3708
 [43,]  19635   9009  19789   9471   3773  18557   5852  16632  18788    231   7777   4235  21791  15169   6545   2772
 [44,]  74715  34281  75301  36039  14357  70613  22268  63288  71492    879  29593  16115  82919  57721  24905  10548
 [45,]  74970  34398  75558  36162  14406  70854  22344  63504  71736    882  29694  16170  83202  57918  24990  10584
 [46,]  81855  37557  82497  39483  15729  77361  24396  69336  78324    963  32421  17655  90843  63237  27285  11556
       [,175] [,176] [,177] [,178] [,179] [,180] [,181] [,182] [,183] [,184] [,185] [,186] [,187] [,188] [,189] [,190]
  [1,]  88672  88128  11424  57664  19584  14688  79424  66640  66096  78336  35632  38624  81056  16592  68544  23936
  [2,]  36512  36288   4704  23744   8064   6048  32704  27440  27216  32256  14672  15904  33376   6832  28224   9856
  [3,]  28036  27864   3612  18232   6192   4644  25112  21070  20898  24768  11266  12212  25628   5246  21672   7568
  [4,]  74328  73872   9576  48336  16416  12312  66576  55860  55404  65664  29868  32376  67944  13908  57456  20064
  [5,]  13040  12960   1680   8480   2880   2160  11680   9800   9720  11520   5240   5680  11920   2440  10080   3520
  [6,]   5868   5832    756   3816   1296    972   5256   4410   4374   5184   2358   2556   5364   1098   4536   1584
  [7,]  85086  84564  10962  55332  18792  14094  76212  63945  63423  75168  34191  37062  77778  15921  65772  22968
  [8,] 101386 100764  13062  65932  22392  16794  90812  76195  75573  89568  40741  44162  92678  18971  78372  27368
  [9,]  42054  41796   5418  27348   9288   6966  37668  31605  31347  37152  16899  18318  38442   7869  32508  11352
 [10,]   9454   9396   1218   6148   2088   1566   8468   7105   7047   8352   3799   4118   8642   1769   7308   2552
 [11,]  41076  40824   5292  26712   9072   6804  36792  30870  30618  36288  16506  17892  37548   7686  31752  11088
 [12,]  63570  63180   8190  41340  14040  10530  56940  47775  47385  56160  25545  27690  58110  11895  49140  17160
 [13,] 102364 101736  13188  66568  22608  16956  91688  76930  76302  90432  41134  44588  93572  19154  79128  27632
 [14,]  63896  63504   8232  41552  14112  10584  57232  48020  47628  56448  25676  27832  58408  11956  49392  17248
 [15,]  53138  52812   6846  34556  11736   8802  47596  39935  39609  46944  21353  23146  48574   9943  41076  14344
 [16,]  27058  26892   3486  17596   5976   4482  24236  20335  20169  23904  10873  11786  24734   5063  20916   7304
 [17,]  81826  81324  10542  53212  18072  13554  73292  61495  60993  72288  32881  35642  74798  15311  63252  22088
 [18,]  89650  89100  11550  58300  19800  14850  80300  67375  66825  79200  36025  39050  81950  16775  69300  24200
 [19,]  44988  44712   5796  29256   9936   7452  40296  33810  33534  39744  18078  19596  41124   8418  34776  12144
 [20,]  90954  90396  11718  59148  20088  15066  81468  68355  67797  80352  36549  39618  83142  17019  70308  24552
 [21,]  91606  91044  11802  59572  20232  15174  82052  68845  68283  80928  36811  39902  83738  17141  70812  24728
 [22,]    326    324     42    212     72     54    292    245    243    288    131    142    298     61    252     88
 [23,]  85412  84888  11004  55544  18864  14148  76504  64190  63666  75456  34322  37204  78076  15982  66024  23056
 [24,]  70090  69660   9030  45580  15480  11610  62780  52675  52245  61920  28165  30530  64070  13115  54180  18920
 [25,]   8476   8424   1092   5512   1872   1404   7592   6370   6318   7488   3406   3692   7748   1586   6552   2288
 [26,]  16626  16524   2142  10812   3672   2754  14892  12495  12393  14688   6681   7242  15198   3111  12852   4488
 [27,]  62918  62532   8106  40916  13896  10422  56356  47285  46899  55584  25283  27406  57514  11773  48636  16984
 [28,]  87042  86508  11214  56604  19224  14418  77964  65415  64881  76896  34977  37914  79566  16287  67284  23496
 [29,]  23798  23652   3066  15476   5256   3942  21316  17885  17739  21024   9563  10366  21754   4453  18396   6424
 [30,]  84108  83592  10836  54696  18576  13932  75336  63210  62694  74304  33798  36636  76884  15738  65016  22704
 [31,]  81174  80676  10458  52788  17928  13446  72708  61005  60507  71712  32619  35358  74202  15189  62748  21912
 [32,]  73350  72900   9450  47700  16200  12150  65700  55125  54675  64800  29475  31950  67050  13725  56700  19800
 [33,]  98126  97524  12642  63812  21672  16254  87892  73745  73143  86688  39431  42742  89698  18361  75852  26488
 [34,]  90302  89748  11634  58724  19944  14958  80884  67865  67311  79776  36287  39334  82546  16897  69804  24376
 [35,]  21190  21060   2730  13780   4680   3510  18980  15925  15795  18720   8515   9230  19370   3965  16380   5720
 [36,]  45640  45360   5880  29680  10080   7560  40880  34300  34020  40320  18340  19880  41720   8540  35280  12320
 [37,]  99756  99144  12852  64872  22032  16524  89352  74970  74358  88128  40086  43452  91188  18666  77112  26928
 [38,]  55420  55080   7140  36040  12240   9180  49640  41650  41310  48960  22270  24140  50660  10370  42840  14960
 [39,]  32600  32400   4200  21200   7200   5400  29200  24500  24300  28800  13100  14200  29800   6100  25200   8800
 [40,]  33904  33696   4368  22048   7488   5616  30368  25480  25272  29952  13624  14768  30992   6344  26208   9152
 [41,]   2282   2268    294   1484    504    378   2044   1715   1701   2016    917    994   2086    427   1764    616
 [42,]  33578  33372   4326  21836   7416   5562  30076  25235  25029  29664  13493  14626  30694   6283  25956   9064
 [43,]  25102  24948   3234  16324   5544   4158  22484  18865  18711  22176  10087  10934  22946   4697  19404   6776
 [44,]  95518  94932  12306  62116  21096  15822  85556  71785  71199  84384  38383  41606  87314  17873  73836  25784
 [45,]  95844  95256  12348  62328  21168  15876  85848  72030  71442  84672  38514  41748  87612  17934  74088  25872
 [46,] 104646 104004  13482  68052  23112  17334  93732  78645  78003  92448  42051  45582  95658  19581  80892  28248
       [,191] [,192] [,193] [,194] [,195] [,196] [,197] [,198] [,199] [,200] [,201] [,202] [,203] [,204] [,205] [,206]
  [1,]  31552  82960  38352  13056   1632   7616   8160  79152  78608  66912   8432   8976  54128  62560  31280  84048
  [2,]  12992  34160  15792   5376    672   3136   3360  32592  32368  27552   3472   3696  22288  25760  12880  34608
  [3,]   9976  26230  12126   4128    516   2408   2580  25026  24854  21156   2666   2838  17114  19780   9890  26574
  [4,]  26448  69540  32148  10944   1368   6384   6840  66348  65892  56088   7068   7524  45372  52440  26220  70452
  [5,]   4640  12200   5640   1920    240   1120   1200  11640  11560   9840   1240   1320   7960   9200   4600  12360
  [6,]   2088   5490   2538    864    108    504    540   5238   5202   4428    558    594   3582   4140   2070   5562
  [7,]  30276  79605  36801  12528   1566   7308   7830  75951  75429  64206   8091   8613  51939  60030  30015  80649
  [8,]  36076  94855  43851  14928   1866   8708   9330  90501  89879  76506   9641  10263  61889  71530  35765  96099
  [9,]  14964  39345  18189   6192    774   3612   3870  37539  37281  31734   3999   4257  25671  29670  14835  39861
 [10,]   3364   8845   4089   1392    174    812    870   8439   8381   7134    899    957   5771   6670   3335   8961
 [11,]  14616  38430  17766   6048    756   3528   3780  36666  36414  30996   3906   4158  25074  28980  14490  38934
 [12,]  22620  59475  27495   9360   1170   5460   5850  56745  56355  47970   6045   6435  38805  44850  22425  60255
 [13,]  36424  95770  44274  15072   1884   8792   9420  91374  90746  77244   9734  10362  62486  72220  36110  97026
 [14,]  22736  59780  27636   9408   1176   5488   5880  57036  56644  48216   6076   6468  39004  45080  22540  60564
 [15,]  18908  49715  22983   7824    978   4564   4890  47433  47107  40098   5053   5379  32437  37490  18745  50367
 [16,]   9628  25315  11703   3984    498   2324   2490  24153  23987  20418   2573   2739  16517  19090   9545  25647
 [17,]  29116  76555  35391  12048   1506   7028   7530  73041  72539  61746   7781   8283  49949  57730  28865  77559
 [18,]  31900  83875  38775  13200   1650   7700   8250  80025  79475  67650   8525   9075  54725  63250  31625  84975
 [19,]  16008  42090  19458   6624    828   3864   4140  40158  39882  33948   4278   4554  27462  31740  15870  42642
 [20,]  32364  85095  39339  13392   1674   7812   8370  81189  80631  68634   8649   9207  55521  64170  32085  86211
 [21,]  32596  85705  39621  13488   1686   7868   8430  81771  81209  69126   8711   9273  55919  64630  32315  86829
 [22,]    116    305    141     48      6     28     30    291    289    246     31     33    199    230    115    309
 [23,]  30392  79910  36942  12576   1572   7336   7860  76242  75718  64452   8122   8646  52138  60260  30130  80958
 [24,]  24940  65575  30315  10320   1290   6020   6450  62565  62135  52890   6665   7095  42785  49450  24725  66435
 [25,]   3016   7930   3666   1248    156    728    780   7566   7514   6396    806    858   5174   5980   2990   8034
 [26,]   5916  15555   7191   2448    306   1428   1530  14841  14739  12546   1581   1683  10149  11730   5865  15759
 [27,]  22388  58865  27213   9264   1158   5404   5790  56163  55777  47478   5983   6369  38407  44390  22195  59637
 [28,]  30972  81435  37647  12816   1602   7476   8010  77697  77163  65682   8277   8811  53133  61410  30705  82503
 [29,]   8468  22265  10293   3504    438   2044   2190  21243  21097  17958   2263   2409  14527  16790   8395  22557
 [30,]  29928  78690  36378  12384   1548   7224   7740  75078  74562  63468   7998   8514  51342  59340  29670  79722
 [31,]  28884  75945  35109  11952   1494   6972   7470  72459  71961  61254   7719   8217  49551  57270  28635  76941
 [32,]  26100  68625  31725  10800   1350   6300   6750  65475  65025  55350   6975   7425  44775  51750  25875  69525
 [33,]  34916  91805  42441  14448   1806   8428   9030  87591  86989  74046   9331   9933  59899  69230  34615  93009
 [34,]  32132  84485  39057  13296   1662   7756   8310  80607  80053  68142   8587   9141  55123  63710  31855  85593
 [35,]   7540  19825   9165   3120    390   1820   1950  18915  18785  15990   2015   2145  12935  14950   7475  20085
 [36,]  16240  42700  19740   6720    840   3920   4200  40740  40460  34440   4340   4620  27860  32200  16100  43260
 [37,]  35496  93330  43146  14688   1836   8568   9180  89046  88434  75276   9486  10098  60894  70380  35190  94554
 [38,]  19720  51850  23970   8160   1020   4760   5100  49470  49130  41820   5270   5610  33830  39100  19550  52530
 [39,]  11600  30500  14100   4800    600   2800   3000  29100  28900  24600   3100   3300  19900  23000  11500  30900
 [40,]  12064  31720  14664   4992    624   2912   3120  30264  30056  25584   3224   3432  20696  23920  11960  32136
 [41,]    812   2135    987    336     42    196    210   2037   2023   1722    217    231   1393   1610    805   2163
 [42,]  11948  31415  14523   4944    618   2884   3090  29973  29767  25338   3193   3399  20497  23690  11845  31827
 [43,]   8932  23485  10857   3696    462   2156   2310  22407  22253  18942   2387   2541  15323  17710   8855  23793
 [44,]  33988  89365  41313  14064   1758   8204   8790  85263  84677  72078   9083   9669  58307  67390  33695  90537
 [45,]  34104  89670  41454  14112   1764   8232   8820  85554  84966  72324   9114   9702  58506  67620  33810  90846
 [46,]  37236  97905  45261  15408   1926   8988   9630  93411  92769  78966   9951  10593  63879  73830  36915  99189
       [,207] [,208] [,209] [,210] [,211] [,212] [,213] [,214] [,215] [,216]
  [1,]  69632  25024  52224  84864  86224  28560  73440   7344  41344  47056
  [2,]  28672  10304  21504  34944  35504  11760  30240   3024  17024  19376
  [3,]  22016   7912  16512  26832  27262   9030  23220   2322  13072  14878
  [4,]  58368  20976  43776  71136  72276  23940  61560   6156  34656  39444
  [5,]  10240   3680   7680  12480  12680   4200  10800   1080   6080   6920
  [6,]   4608   1656   3456   5616   5706   1890   4860    486   2736   3114
  [7,]  66816  24012  50112  81432  82737  27405  70470   7047  39672  45153
  [8,]  79616  28612  59712  97032  98587  32655  83970   8397  47272  53803
  [9,]  33024  11868  24768  40248  40893  13545  34830   3483  19608  22317
 [10,]   7424   2668   5568   9048   9193   3045   7830    783   4408   5017
 [11,]  32256  11592  24192  39312  39942  13230  34020   3402  19152  21798
 [12,]  49920  17940  37440  60840  61815  20475  52650   5265  29640  33735
 [13,]  80384  28888  60288  97968  99538  32970  84780   8478  47728  54322
 [14,]  50176  18032  37632  61152  62132  20580  52920   5292  29792  33908
 [15,]  41728  14996  31296  50856  51671  17115  44010   4401  24776  28199
 [16,]  21248   7636  15936  25896  26311   8715  22410   2241  12616  14359
 [17,]  64256  23092  48192  78312  79567  26355  67770   6777  38152  43423
 [18,]  70400  25300  52800  85800  87175  28875  74250   7425  41800  47575
 [19,]  35328  12696  26496  43056  43746  14490  37260   3726  20976  23874
 [20,]  71424  25668  53568  87048  88443  29295  75330   7533  42408  48267
 [21,]  71936  25852  53952  87672  89077  29505  75870   7587  42712  48613
 [22,]    256     92    192    312    317    105    270     27    152    173
 [23,]  67072  24104  50304  81744  83054  27510  70740   7074  39824  45326
 [24,]  55040  19780  41280  67080  68155  22575  58050   5805  32680  37195
 [25,]   6656   2392   4992   8112   8242   2730   7020    702   3952   4498
 [26,]  13056   4692   9792  15912  16167   5355  13770   1377   7752   8823
 [27,]  49408  17756  37056  60216  61181  20265  52110   5211  29336  33389
 [28,]  68352  24564  51264  83304  84639  28035  72090   7209  40584  46191
 [29,]  18688   6716  14016  22776  23141   7665  19710   1971  11096  12629
 [30,]  66048  23736  49536  80496  81786  27090  69660   6966  39216  44634
 [31,]  63744  22908  47808  77688  78933  26145  67230   6723  37848  43077
 [32,]  57600  20700  43200  70200  71325  23625  60750   6075  34200  38925
 [33,]  77056  27692  57792  93912  95417  31605  81270   8127  45752  52073
 [34,]  70912  25484  53184  86424  87809  29085  74790   7479  42104  47921
 [35,]  16640   5980  12480  20280  20605   6825  17550   1755   9880  11245
 [36,]  35840  12880  26880  43680  44380  14700  37800   3780  21280  24220
 [37,]  78336  28152  58752  95472  97002  32130  82620   8262  46512  52938
 [38,]  43520  15640  32640  53040  53890  17850  45900   4590  25840  29410
 [39,]  25600   9200  19200  31200  31700  10500  27000   2700  15200  17300
 [40,]  26624   9568  19968  32448  32968  10920  28080   2808  15808  17992
 [41,]   1792    644   1344   2184   2219    735   1890    189   1064   1211
 [42,]  26368   9476  19776  32136  32651  10815  27810   2781  15656  17819
 [43,]  19712   7084  14784  24024  24409   8085  20790   2079  11704  13321
 [44,]  75008  26956  56256  91416  92881  30765  79110   7911  44536  50689
 [45,]  75264  27048  56448  91728  93198  30870  79380   7938  44688  50862
 [46,]  82176  29532  61632 100152 101757  33705  86670   8667  48792  55533
 [ reached getOption("max.print") -- omitted 170 rows ]
