iters cors rmsds mean_rmsd id status
1 1000 0.714285714285714 0 0.955 1ZC5 TRUE
2 2000 0.619047619047619 0 0.955 1ZC5 TRUE
3 3000 0.466666666666667 0 0.955 1ZC5 TRUE
4 4000 0.580952380952381 1.013 0.955 1ZC5 TRUE
5 5000 0.428571428571429 1.013 1.264 1ZC5 TRUE
6 6000 0.371428571428571 1.013 0.955 1ZC5 TRUE
7 7000 0.561904761904762 0 0.955 1ZC5 TRUE
8 8000 0.40952380952381 0 0.955 1ZC5 TRUE
9 9000 0.447619047619048 1.013 0.955 1ZC5 TRUE
10 10000 0.390476190476191 1.013 0.955 1ZC5 TRUE
11 1000 0.318681318681319 7.009 3.79266666666667 2LUN FALSE
12 2000 0.340659340659341 7.009 3.79266666666667 2LUN FALSE
13 3000 0.340659340659341 7.009 3.79266666666667 2LUN FALSE
14 4000 0.296703296703297 7.009 3.79266666666667 2LUN FALSE
15 5000 0.340659340659341 2.589 3.79266666666667 2LUN TRUE
16 6000 0.318681318681319 2.589 3.79266666666667 2LUN TRUE
17 7000 0.318681318681319 2.589 3.79266666666667 2LUN TRUE
18 8000 0.340659340659341 2.589 3.79266666666667 2LUN TRUE
19 9000 0.340659340659341 2.589 3.79266666666667 2LUN TRUE
20 10000 0.340659340659341 2.589 3.79266666666667 2LUN TRUE
21 1000 0.230769230769231 0.963 0.963 2M4W TRUE
22 2000 0.256410256410256 0.963 1.787 2M4W TRUE
23 3000 0.282051282051282 0.963 0.963 2M4W TRUE
24 4000 0.333333333333333 0.963 0.963 2M4W TRUE
25 5000 0.333333333333333 0.963 0.963 2M4W TRUE
26 6000 0.333333333333333 0.963 0.963 2M4W TRUE
27 7000 0.384615384615385 0.963 0.963 2M4W TRUE
28 8000 0.358974358974359 0.963 0.963 2M4W TRUE
29 9000 0.333333333333333 0.963 1.787 2M4W TRUE
30 10000 0.358974358974359 0.963 0.963 2M4W TRUE
31 1000 0.0769230769230769 5.093 3.05866666666667 2MNC FALSE
32 2000 0.164835164835165 0 2.37633333333333 2MNC TRUE
33 3000 0.142857142857143 0 2.375 2MNC TRUE
34 4000 0.186813186813187 0 2.375 2MNC TRUE
35 5000 0.142857142857143 0 2.375 2MNC TRUE
36 6000 0.120879120879121 0 2.375 2MNC TRUE
37 7000 0.252747252747253 0 2.375 2MNC TRUE
38 8000 0.0769230769230769 0 2.375 2MNC TRUE
39 9000 0.0549450549450549 0 2.375 2MNC TRUE
40 10000 0.164835164835165 0 2.375 2MNC TRUE
41 1000 -0.161904761904762 3.122 8.11066666666667 2N6T FALSE
42 2000 -0.257142857142857 13.2 8.26966666666667 2N6T FALSE
43 3000 -0.0476190476190476 1.529 5.24566666666667 2N6T TRUE
44 4000 0.00952380952380952 1.529 5.24566666666667 2N6T TRUE
45 5000 -0.0285714285714286 1.529 5.24566666666667 2N6T TRUE
46 6000 0.161904761904762 0 1.55033333333333 2N6T TRUE
47 7000 0.123809523809524 0 1.55033333333333 2N6T TRUE
48 8000 0.142857142857143 0 1.55033333333333 2N6T TRUE
49 9000 0.142857142857143 0 1.55033333333333 2N6T TRUE
50 10000 -0.0285714285714286 1.529 5.24566666666667 2N6T TRUE
51 1000 0.276190476190476 4.358 3.113 2M5U FALSE
52 2000 0.485714285714286 4.358 3.113 2M5U FALSE
53 3000 0.352380952380952 4.358 3.113 2M5U FALSE
54 4000 0.447619047619048 4.358 3.113 2M5U FALSE
55 5000 0.40952380952381 3.116 3.113 2M5U FALSE
56 6000 0.428571428571429 3.116 3.113 2M5U FALSE
57 7000 0.447619047619048 4.358 3.113 2M5U FALSE
58 8000 0.447619047619048 3.116 3.113 2M5U FALSE
59 9000 0.40952380952381 3.116 3.113 2M5U FALSE
60 10000 0.504761904761905 3.116 3.113 2M5U FALSE
61 1000 0.390476190476191 5.839 3.60266666666667 2MXL FALSE
62 2000 0.542857142857143 0 2.30533333333333 2MXL TRUE
63 3000 0.428571428571429 4.237 3.35866666666667 2MXL FALSE
64 4000 0.523809523809524 0 2.95433333333333 2MXL TRUE
65 5000 0.638095238095238 3.024 2.77933333333333 2MXL FALSE
66 6000 0.447619047619048 0 3.35866666666667 2MXL TRUE
67 7000 0.371428571428571 0 3.35866666666667 2MXL TRUE
68 8000 0.485714285714286 3.024 2.42033333333333 2MXL FALSE
69 9000 0.390476190476191 0 3.35866666666667 2MXL TRUE
70 10000 0.485714285714286 4.237 3.35866666666667 2MXL FALSE
71 1000 -0.333333333333333 12.802 17.0566666666667 2N6W FALSE
72 2000 -0.485714285714286 12.802 17.0566666666667 2N6W FALSE
73 3000 -0.352380952380952 12.802 17.0566666666667 2N6W FALSE
74 4000 -0.371428571428571 12.802 17.0566666666667 2N6W FALSE
75 5000 -0.466666666666667 12.802 17.0566666666667 2N6W FALSE
76 6000 -0.428571428571429 12.802 17.0566666666667 2N6W FALSE
77 7000 -0.447619047619048 12.802 17.0566666666667 2N6W FALSE
78 8000 -0.352380952380952 12.802 17.0566666666667 2N6W FALSE
79 9000 -0.352380952380952 12.802 17.0566666666667 2N6W FALSE
80 10000 -0.40952380952381 12.802 17.0566666666667 2N6W FALSE
81 1000 0.384615384615385 0.967 4.20466666666667 2NCI TRUE
82 2000 0.318681318681319 0.967 4.20466666666667 2NCI TRUE
83 3000 0.296703296703297 0.967 5.332 2NCI TRUE
84 4000 0.296703296703297 0.967 4.20466666666667 2NCI TRUE
85 5000 0.274725274725275 0.967 5.332 2NCI TRUE
86 6000 0.274725274725275 0.967 5.332 2NCI TRUE
87 7000 0.296703296703297 0.967 4.20466666666667 2NCI TRUE
88 8000 0.252747252747253 0.967 5.332 2NCI TRUE
89 9000 0.252747252747253 0.967 5.332 2NCI TRUE
90 10000 0.274725274725275 0.967 4.20466666666667 2NCI TRUE
91 1000 0.523809523809524 0 0.869333333333333 1UUU TRUE
92 2000 0.6 0 0.869333333333333 1UUU TRUE
93 3000 0.619047619047619 0 0.869333333333333 1UUU TRUE
94 4000 0.6 0 0.869333333333333 1UUU TRUE
95 5000 0.619047619047619 0 0.869333333333333 1UUU TRUE
96 6000 0.580952380952381 0 0.869333333333333 1UUU TRUE
97 7000 0.6 0 0.869333333333333 1UUU TRUE
98 8000 0.619047619047619 0 0.662 1UUU TRUE
99 9000 0.638095238095238 0 0.662 1UUU TRUE
100 10000 0.638095238095238 0 0.662 1UUU TRUE
101 1000 0.485714285714286 0 3.69066666666667 2JWV TRUE
102 2000 0.390476190476191 0.96 3.69066666666667 2JWV TRUE
103 3000 0.352380952380952 0.96 3.69066666666667 2JWV TRUE
104 4000 0.352380952380952 10.112 3.69066666666667 2JWV FALSE
105 5000 0.352380952380952 10.112 3.69066666666667 2JWV FALSE
106 6000 0.390476190476191 0.96 3.69066666666667 2JWV TRUE
107 7000 0.352380952380952 0.96 3.69066666666667 2JWV TRUE
108 8000 0.390476190476191 0.96 3.69066666666667 2JWV TRUE
109 9000 0.371428571428571 10.112 3.69066666666667 2JWV FALSE
110 10000 0.371428571428571 10.112 3.69066666666667 2JWV FALSE
111 1000 0.0857142857142857 0 3.12233333333333 2M12 TRUE
112 2000 -0.257142857142857 3.663 4.555 2M12 FALSE
113 3000 -0.180952380952381 3.663 5.5 2M12 FALSE
114 4000 -0.2 7.133 5.264 2M12 FALSE
115 5000 -0.238095238095238 3.663 6.69166666666667 2M12 FALSE
116 6000 -0.0857142857142857 3.663 4.314 2M12 FALSE
117 7000 -0.238095238095238 3.663 6.69166666666667 2M12 FALSE
118 8000 -0.219047619047619 3.663 6.69166666666667 2M12 FALSE
119 9000 -0.2 3.663 6.69166666666667 2M12 FALSE
120 10000 -0.161904761904762 3.663 6.69166666666667 2M12 FALSE
121 1000 0.454545454545455 2.566 4.496 2M8K TRUE
122 2000 0.527272727272727 2.566 5.56 2M8K TRUE
123 3000 0.490909090909091 2.566 5.56 2M8K TRUE
124 4000 0.563636363636364 2.566 5.56 2M8K TRUE
125 5000 0.527272727272727 2.566 5.56 2M8K TRUE
126 6000 0.490909090909091 2.566 5.56 2M8K TRUE
127 7000 0.490909090909091 2.566 5.56 2M8K TRUE
128 8000 0.527272727272727 2.566 1.298 2M8K TRUE
129 9000 0.563636363636364 2.566 1.298 2M8K TRUE
130 10000 0.490909090909091 2.566 5.56 2M8K TRUE
131 1000 0.371428571428571 3.817 2.23266666666667 2N2O FALSE
132 2000 0.390476190476191 3.817 2.23266666666667 2N2O FALSE
133 3000 0.371428571428571 3.817 2.23266666666667 2N2O FALSE
134 4000 0.485714285714286 3.817 1.68233333333333 2N2O FALSE
135 5000 0.466666666666667 3.817 2.72166666666667 2N2O FALSE
136 6000 0.466666666666667 3.817 2.72166666666667 2N2O FALSE
137 7000 0.466666666666667 3.817 2.72166666666667 2N2O FALSE
138 8000 0.40952380952381 3.817 2.72166666666667 2N2O FALSE
139 9000 0.40952380952381 3.817 2.72166666666667 2N2O FALSE
140 10000 0.466666666666667 3.817 2.72166666666667 2N2O FALSE
141 1000 -0.2 19.72 13.2816666666667 2N6X FALSE
142 2000 -0.257142857142857 11.331 16.4443333333333 2N6X FALSE
143 3000 -0.180952380952381 11.331 16.4443333333333 2N6X FALSE
144 4000 -0.123809523809524 19.72 13.2816666666667 2N6X FALSE
145 5000 -0.123809523809524 19.72 10.4883333333333 2N6X FALSE
146 6000 -0.180952380952381 19.72 10.4883333333333 2N6X FALSE
147 7000 -0.0666666666666667 1.843 6.59933333333333 2N6X TRUE
148 8000 -0.0666666666666667 1.843 6.59933333333333 2N6X TRUE
149 9000 -0.161904761904762 18.282 10.009 2N6X FALSE
150 10000 -0.0666666666666667 18.282 10.009 2N6X FALSE
151 1000 0.295238095238095 3.323 4.39933333333333 2QH2 FALSE
152 2000 0.238095238095238 3.323 6.302 2QH2 FALSE
153 3000 0.2 3.323 6.302 2QH2 FALSE
154 4000 0.219047619047619 3.323 6.302 2QH2 FALSE
155 5000 0.180952380952381 3.323 6.302 2QH2 FALSE
156 6000 0.180952380952381 3.323 4.39933333333333 2QH2 FALSE
157 7000 0.180952380952381 3.323 4.39933333333333 2QH2 FALSE
158 8000 0.219047619047619 3.323 3.84033333333333 2QH2 FALSE
159 9000 0.238095238095238 3.323 3.84033333333333 2QH2 FALSE
160 10000 0.2 3.323 4.39933333333333 2QH2 FALSE
161 1000 0.352380952380952 6.886 3.321 5A17 FALSE
162 2000 0.0285714285714286 6.886 6.06766666666667 5A17 FALSE
163 3000 0.123809523809524 6.886 7.02166666666667 5A17 FALSE
164 4000 0.0666666666666667 6.886 6.06766666666667 5A17 FALSE
165 5000 0.00952380952380952 6.886 6.06766666666667 5A17 FALSE
166 6000 0.0857142857142857 6.886 6.06766666666667 5A17 FALSE
167 7000 0.0666666666666667 5.381 6.06766666666667 5A17 FALSE
168 8000 0.0285714285714286 6.886 6.06766666666667 5A17 FALSE
169 9000 0.0476190476190476 6.886 6.06766666666667 5A17 FALSE
170 10000 0.0476190476190476 6.886 6.06766666666667 5A17 FALSE
171 1000 0.580952380952381 4.351 3.673 1XHP FALSE
172 2000 0.657142857142857 4.351 2.368 1XHP FALSE
173 3000 0.561904761904762 4.351 3.673 1XHP FALSE
174 4000 0.657142857142857 1.664 3.673 1XHP TRUE
175 5000 0.638095238095238 4.351 3.48133333333333 1XHP FALSE
176 6000 0.676190476190476 4.351 3.48133333333333 1XHP FALSE
177 7000 0.561904761904762 5.004 3.673 1XHP FALSE
178 8000 0.752380952380952 1.664 2.005 1XHP TRUE
179 9000 0.771428571428572 1.664 2.005 1XHP TRUE
180 10000 0.676190476190476 1.664 2.005 1XHP TRUE
181 1000 0.00952380952380952 0 3.11233333333333 2K66 TRUE
182 2000 0.0666666666666667 8.027 4.92733333333333 2K66 FALSE
183 3000 -0.0857142857142857 8.027 6.94866666666667 2K66 FALSE
184 4000 0.0476190476190476 8.027 2.902 2K66 FALSE
185 5000 0.0666666666666667 8.027 2.902 2K66 FALSE
186 6000 0.0666666666666667 8.027 4.244 2K66 FALSE
187 7000 0.0857142857142857 8.027 2.902 2K66 FALSE
188 8000 0.161904761904762 8.027 2.902 2K66 FALSE
189 9000 0.219047619047619 8.027 2.902 2K66 FALSE
190 10000 0.00952380952380952 8.027 5.785 2K66 FALSE
191 1000 0.340659340659341 0.989 1.12866666666667 2LQZ TRUE
192 2000 0.032967032967033 8.799 7.46333333333333 2LQZ FALSE
193 3000 -0.120879120879121 6.43 5.87533333333333 2LQZ FALSE
194 4000 0.010989010989011 8.799 6.92833333333333 2LQZ FALSE
195 5000 0.0989010989010989 8.799 6.12933333333333 2LQZ FALSE
196 6000 0.032967032967033 8.799 6.12933333333333 2LQZ FALSE
197 7000 0.0549450549450549 8.799 4.54766666666667 2LQZ FALSE
198 8000 0.032967032967033 8.799 6.12933333333333 2LQZ FALSE
199 9000 0.0769230769230769 8.799 4.54766666666667 2LQZ FALSE
200 10000 0.0989010989010989 4.341 7.57633333333333 2LQZ FALSE
201 1000 0.314285714285714 1.335 0.717666666666667 2M21 TRUE
202 2000 0.219047619047619 1.335 3.15266666666667 2M21 TRUE
203 3000 0.276190476190476 1.335 3.42533333333333 2M21 TRUE
204 4000 0.219047619047619 1.335 3.15266666666667 2M21 TRUE
205 5000 0.238095238095238 1.335 3.15266666666667 2M21 TRUE
206 6000 0.257142857142857 1.335 3.98133333333333 2M21 TRUE
207 7000 0.295238095238095 1.335 1.27366666666667 2M21 TRUE
208 8000 0.276190476190476 1.335 2.52166666666667 2M21 TRUE
209 9000 0.295238095238095 1.335 2.52166666666667 2M21 TRUE
210 10000 0.333333333333333 1.335 2.52166666666667 2M21 TRUE
211 1000 0.276190476190476 0 3.03066666666667 2MEQ TRUE
212 2000 0.295238095238095 0 0.751333333333333 2MEQ TRUE
213 3000 0.276190476190476 0 0.751333333333333 2MEQ TRUE
214 4000 0.257142857142857 0.784 2.56666666666667 2MEQ TRUE
215 5000 0.219047619047619 0.784 2.56666666666667 2MEQ TRUE
216 6000 0.257142857142857 0.784 2.56666666666667 2MEQ TRUE
217 7000 0.238095238095238 6.916 2.56666666666667 2MEQ FALSE
218 8000 0.219047619047619 6.916 2.56666666666667 2MEQ FALSE
219 9000 0.238095238095238 6.916 2.56666666666667 2MEQ FALSE
220 10000 0.238095238095238 6.916 2.56666666666667 2MEQ FALSE
221 1000 0.352380952380952 2.912 4.57066666666667 2N2P TRUE
222 2000 0.352380952380952 2.912 4.57066666666667 2N2P TRUE
223 3000 0.371428571428571 2.912 4.33933333333333 2N2P TRUE
224 4000 0.295238095238095 2.912 4.57066666666667 2N2P TRUE
225 5000 0.314285714285714 2.912 4.57066666666667 2N2P TRUE
226 6000 0.352380952380952 2.912 2.92766666666667 2N2P TRUE
227 7000 0.352380952380952 2.912 2.92766666666667 2N2P TRUE
228 8000 0.314285714285714 2.912 2.92766666666667 2N2P TRUE
229 9000 0.352380952380952 2.912 2.92766666666667 2N2P TRUE
230 10000 0.333333333333333 2.912 2.92766666666667 2N2P TRUE
231 1000 -0.142857142857143 10.16 6.27833333333333 2N7X FALSE
232 2000 -0.314285714285714 10.16 6.27833333333333 2N7X FALSE
233 3000 -0.161904761904762 10.16 6.27833333333333 2N7X FALSE
234 4000 -0.142857142857143 10.16 6.27833333333333 2N7X FALSE
235 5000 -0.161904761904762 10.16 6.27833333333333 2N7X FALSE
236 6000 -0.104761904761905 10.16 6.27833333333333 2N7X FALSE
237 7000 -0.0857142857142857 10.16 6.27833333333333 2N7X FALSE
238 8000 -0.123809523809524 10.16 6.27833333333333 2N7X FALSE
239 9000 -0.142857142857143 10.16 6.27833333333333 2N7X FALSE
240 10000 -0.2 10.16 6.27833333333333 2N7X FALSE
241 1000 0.295238095238095 2.613 1.09133333333333 2QH4 TRUE
242 2000 0.371428571428571 2.613 1.09133333333333 2QH4 TRUE
243 3000 0.6 0.661 1.09133333333333 2QH4 TRUE
244 4000 0.542857142857143 0.661 1.09133333333333 2QH4 TRUE
245 5000 0.523809523809524 0.661 1.09133333333333 2QH4 TRUE
246 6000 0.580952380952381 0.661 1.09133333333333 2QH4 TRUE
247 7000 0.523809523809524 0.661 1.09133333333333 2QH4 TRUE
248 8000 0.542857142857143 0.661 1.09133333333333 2QH4 TRUE
249 9000 0.485714285714286 0.661 1.09133333333333 2QH4 TRUE
250 10000 0.542857142857143 0.661 1.09133333333333 2QH4 TRUE
251 1000 0.2 8.956 6.06333333333333 5A18 FALSE
252 2000 0.276190476190476 8.956 5.7 5A18 FALSE
253 3000 0.219047619047619 8.956 6.06333333333333 5A18 FALSE
254 4000 0.180952380952381 8.956 6.06333333333333 5A18 FALSE
255 5000 0.276190476190476 8.956 5.7 5A18 FALSE
256 6000 0.295238095238095 3.079 4.67466666666667 5A18 FALSE
257 7000 0.238095238095238 8.956 5.7 5A18 FALSE
258 8000 0.257142857142857 8.956 5.7 5A18 FALSE
259 9000 0.276190476190476 8.956 5.7 5A18 FALSE
260 10000 0.238095238095238 8.956 5.7 5A18 FALSE
261 1000 0.638095238095238 1.428 1.42766666666667 2M22 TRUE
262 2000 0.638095238095238 1.428 1.673 2M22 TRUE
263 3000 0.676190476190476 1.428 1.42766666666667 2M22 TRUE
264 4000 0.619047619047619 1.428 1.42766666666667 2M22 TRUE
265 5000 0.580952380952381 1.428 1.42766666666667 2M22 TRUE
266 6000 0.619047619047619 1.428 0.721333333333333 2M22 TRUE
267 7000 0.619047619047619 1.428 0.721333333333333 2M22 TRUE
268 8000 0.6 1.428 0.721333333333333 2M22 TRUE
269 9000 0.619047619047619 1.428 0.721333333333333 2M22 TRUE
270 10000 0.638095238095238 1.428 0.721333333333333 2M22 TRUE
271 1000 0.352380952380952 1.627 2.71333333333333 2MFD TRUE
272 2000 0.485714285714286 1.627 2.71333333333333 2MFD TRUE
273 3000 0.40952380952381 1.627 2.71333333333333 2MFD TRUE
274 4000 0.40952380952381 1.627 2.71333333333333 2MFD TRUE
275 5000 0.466666666666667 1.627 2.71333333333333 2MFD TRUE
276 6000 0.40952380952381 1.627 2.71333333333333 2MFD TRUE
277 7000 0.390476190476191 1.627 2.71333333333333 2MFD TRUE
278 8000 0.40952380952381 1.627 2.71333333333333 2MFD TRUE
279 9000 0.428571428571429 1.627 2.71333333333333 2MFD TRUE
280 10000 0.428571428571429 1.627 2.71333333333333 2MFD TRUE
281 1000 0.447619047619048 0 1.239 2N4L TRUE
282 2000 0.161904761904762 0 2.48733333333333 2N4L TRUE
283 3000 0.40952380952381 0 5.36066666666667 2N4L TRUE
284 4000 0.485714285714286 0 2.48733333333333 2N4L TRUE
285 5000 0.504761904761905 0 1.239 2N4L TRUE
286 6000 0.40952380952381 0 2.48733333333333 2N4L TRUE
287 7000 0.371428571428571 0 2.48733333333333 2N4L TRUE
288 8000 0.485714285714286 0 2.90033333333333 2N4L TRUE
289 9000 0.390476190476191 0 2.90033333333333 2N4L TRUE
290 10000 0.390476190476191 0 6.199 2N4L TRUE
291 1000 0.487179487179487 2.68 1.22366666666667 5KQE TRUE
292 2000 0.41025641025641 2.68 1.83266666666667 5KQE TRUE
293 3000 0.384615384615385 2.68 1.83266666666667 5KQE TRUE
294 4000 0.41025641025641 2.68 1.83266666666667 5KQE TRUE
295 5000 0.461538461538462 2.68 1.50233333333333 5KQE TRUE
296 6000 0.487179487179487 2.68 1.22366666666667 5KQE TRUE
297 7000 0.461538461538462 2.68 1.22366666666667 5KQE TRUE
298 8000 0.487179487179487 2.68 1.22366666666667 5KQE TRUE
299 9000 0.435897435897436 2.68 1.22366666666667 5KQE TRUE
300 10000 0.461538461538462 2.68 1.83266666666667 5KQE TRUE
301 1000 0.428571428571429 2.17 0.957333333333333 1KKA TRUE
302 2000 0.504761904761905 2.17 0.957333333333333 1KKA TRUE
303 3000 0.466666666666667 2.17 0.957333333333333 1KKA TRUE
304 4000 0.447619047619048 2.17 0.957333333333333 1KKA TRUE
305 5000 0.466666666666667 2.17 0.957333333333333 1KKA TRUE
306 6000 0.447619047619048 2.17 0.957333333333333 1KKA TRUE
307 7000 0.447619047619048 2.17 0.957333333333333 1KKA TRUE
308 8000 0.428571428571429 2.17 0.957333333333333 1KKA TRUE
309 9000 0.447619047619048 2.17 0.957333333333333 1KKA TRUE
310 10000 0.447619047619048 2.17 0.957333333333333 1KKA TRUE
311 1000 0.485714285714286 0 1.546 1PJY TRUE
312 2000 0.485714285714286 0 1.546 1PJY TRUE
313 3000 0.466666666666667 3.721 1.546 1PJY FALSE
314 4000 0.485714285714286 0 1.546 1PJY TRUE
315 5000 0.485714285714286 0 1.546 1PJY TRUE
316 6000 0.485714285714286 0 1.546 1PJY TRUE
317 7000 0.466666666666667 0 1.546 1PJY TRUE
318 8000 0.466666666666667 0 1.546 1PJY TRUE
319 9000 0.504761904761905 0 1.546 1PJY TRUE
320 10000 0.485714285714286 0 1.546 1PJY TRUE
321 1000 0.0476190476190476 6.309 7.81466666666667 2LI4 FALSE
322 2000 0.142857142857143 6.309 7.81466666666667 2LI4 FALSE
323 3000 0.0285714285714286 11.727 7.81466666666667 2LI4 FALSE
324 4000 0.00952380952380952 6.309 7.81466666666667 2LI4 FALSE
325 5000 -0.0476190476190476 11.727 7.81466666666667 2LI4 FALSE
326 6000 -0.142857142857143 11.727 9.01566666666667 2LI4 FALSE
327 7000 -0.257142857142857 11.727 9.01566666666667 2LI4 FALSE
328 8000 -0.142857142857143 11.727 9.01566666666667 2LI4 FALSE
329 9000 -0.104761904761905 11.727 7.81466666666667 2LI4 FALSE
330 10000 -0.104761904761905 11.727 9.01566666666667 2LI4 FALSE
331 1000 0.619047619047619 1.885 1.57066666666667 2LUB TRUE
332 2000 0.561904761904762 1.885 1.57066666666667 2LUB TRUE
333 3000 0.6 1.885 1.57066666666667 2LUB TRUE
334 4000 0.561904761904762 2.827 1.57066666666667 2LUB TRUE
335 5000 0.542857142857143 2.827 1.57066666666667 2LUB TRUE
336 6000 0.561904761904762 2.827 1.57066666666667 2LUB TRUE
337 7000 0.485714285714286 2.827 1.57066666666667 2LUB TRUE
338 8000 0.542857142857143 2.827 1.57066666666667 2LUB TRUE
339 9000 0.561904761904762 2.827 1.57066666666667 2LUB TRUE
340 10000 0.542857142857143 1.885 1.57066666666667 2LUB TRUE
341 1000 -0.153846153846154 3.873 6.68 4A4S FALSE
342 2000 -0.205128205128205 9.062 7.32933333333333 4A4S FALSE
343 3000 -0.179487179487179 5.821 7.32933333333333 4A4S FALSE
344 4000 -0.0512820512820513 5.821 7.32933333333333 4A4S FALSE
345 5000 -0.0769230769230769 5.821 7.32933333333333 4A4S FALSE
346 6000 -0.102564102564103 9.062 7.32933333333333 4A4S FALSE
347 7000 -0.128205128205128 9.062 7.32933333333333 4A4S FALSE
348 8000 -0.102564102564103 9.062 7.32933333333333 4A4S FALSE
349 9000 -0.0512820512820513 9.062 7.32933333333333 4A4S FALSE
350 10000 -0.0512820512820513 9.062 7.32933333333333 4A4S FALSE
351 1000 -0.371428571428571 9.074 8.76466666666667 1L1W FALSE
352 2000 -0.352380952380952 9.074 9.68066666666667 1L1W FALSE
353 3000 -0.447619047619048 9.953 8.76466666666667 1L1W FALSE
354 4000 -0.40952380952381 9.953 8.76466666666667 1L1W FALSE
355 5000 -0.428571428571429 9.953 8.76466666666667 1L1W FALSE
356 6000 -0.295238095238095 9.953 8.46033333333333 1L1W FALSE
357 7000 -0.314285714285714 9.953 8.46033333333333 1L1W FALSE
358 8000 -0.40952380952381 9.953 9.97366666666667 1L1W FALSE
359 9000 -0.390476190476191 9.953 8.76466666666667 1L1W FALSE
360 10000 -0.428571428571429 9.953 8.76466666666667 1L1W FALSE
361 1000 0.561904761904762 7.179 2.73933333333333 1R7W FALSE
362 2000 0.561904761904762 7.179 2.73933333333333 1R7W FALSE
363 3000 0.561904761904762 7.179 2.73933333333333 1R7W FALSE
364 4000 0.504761904761905 7.179 2.73933333333333 1R7W FALSE
365 5000 0.485714285714286 7.179 2.73933333333333 1R7W FALSE
366 6000 0.485714285714286 7.179 2.73933333333333 1R7W FALSE
367 7000 0.561904761904762 7.179 2.73933333333333 1R7W FALSE
368 8000 0.619047619047619 7.179 2.73933333333333 1R7W FALSE
369 9000 0.638095238095238 7.179 2.73933333333333 1R7W FALSE
370 10000 0.619047619047619 7.179 2.73933333333333 1R7W FALSE
371 1000 0.390476190476191 0.645 1.78466666666667 2LBJ TRUE
372 2000 0.523809523809524 0 2.746 2LBJ TRUE
373 3000 0.619047619047619 0 1.97933333333333 2LBJ TRUE
374 4000 0.523809523809524 0.645 1.19666666666667 2LBJ TRUE
375 5000 0.619047619047619 0 1.19666666666667 2LBJ TRUE
376 6000 0.657142857142857 0 1.19666666666667 2LBJ TRUE
377 7000 0.6 0 1.39133333333333 2LBJ TRUE
378 8000 0.638095238095238 0 0.693666666666667 2LBJ TRUE
379 9000 0.676190476190476 0 0.693666666666667 2LBJ TRUE
380 10000 0.657142857142857 0 0.693666666666667 2LBJ TRUE
381 1000 0.2 2.023 2.715 2LK3 TRUE
382 2000 0.295238095238095 4.756 4.06633333333333 2LK3 FALSE
383 3000 0.123809523809524 4.756 5.881 2LK3 FALSE
384 4000 0.0285714285714286 4.756 5.881 2LK3 FALSE
385 5000 0.314285714285714 4.756 3.396 2LK3 FALSE
386 6000 0.123809523809524 4.756 3.62066666666667 2LK3 FALSE
387 7000 0.295238095238095 4.756 3.396 2LK3 FALSE
388 8000 0.104761904761905 4.756 5.64566666666667 2LK3 FALSE
389 9000 0.0285714285714286 4.756 4.072 2LK3 FALSE
390 10000 0.123809523809524 4.756 4.072 2LK3 FALSE
391 1000 -0.230769230769231 8.959 7.11966666666667 4A4T FALSE
392 2000 -0.256410256410256 6.28 5.07366666666667 4A4T FALSE
393 3000 -0.41025641025641 6.28 7.83966666666667 4A4T FALSE
394 4000 -0.205128205128205 6.28 6.22666666666667 4A4T FALSE
395 5000 -0.230769230769231 4.12 7.11966666666667 4A4T FALSE
396 6000 -0.358974358974359 4.12 7.11966666666667 4A4T FALSE
397 7000 -0.384615384615385 4.12 7.11966666666667 4A4T FALSE
398 8000 -0.384615384615385 4.12 7.11966666666667 4A4T FALSE
399 9000 -0.333333333333333 9.599 5.25933333333333 4A4T FALSE
400 10000 -0.512820512820513 9.599 7.333 4A4T FALSE
401 1000 -0.0476190476190476 8.155 3.21166666666667 1LC6 FALSE
402 2000 0.0666666666666667 1.48 1.98433333333333 1LC6 TRUE
403 3000 0.0285714285714286 8.155 3.21166666666667 1LC6 FALSE
404 4000 -0.0666666666666667 5.938 5.191 1LC6 FALSE
405 5000 0.00952380952380952 5.938 4.69766666666667 1LC6 FALSE
406 6000 0.0285714285714286 5.938 5.191 1LC6 FALSE
407 7000 0.0666666666666667 8.155 4.69766666666667 1LC6 FALSE
408 8000 0.123809523809524 5.938 2.47266666666667 1LC6 FALSE
409 9000 0.0666666666666667 1.48 4.45733333333333 1LC6 TRUE
410 10000 -0.00952380952380952 8.155 4.70266666666667 1LC6 FALSE
411 1000 0.428571428571429 10.76 3.88766666666667 2FDT FALSE
412 2000 0.447619047619048 10.76 3.88766666666667 2FDT FALSE
413 3000 0.333333333333333 10.76 6.29433333333333 2FDT FALSE
414 4000 0.40952380952381 10.76 3.88766666666667 2FDT FALSE
415 5000 0.390476190476191 10.76 3.88766666666667 2FDT FALSE
416 6000 0.333333333333333 10.76 3.88766666666667 2FDT FALSE
417 7000 0.428571428571429 10.76 3.88766666666667 2FDT FALSE
418 8000 0.40952380952381 10.76 3.88766666666667 2FDT FALSE
419 9000 0.466666666666667 10.76 3.88766666666667 2FDT FALSE
420 10000 0.295238095238095 10.76 3.88766666666667 2FDT FALSE
421 1000 0.523809523809524 1.415 1.91066666666667 2LBL TRUE
422 2000 0.504761904761905 1.415 1.91066666666667 2LBL TRUE
423 3000 0.485714285714286 1.415 1.91066666666667 2LBL TRUE
424 4000 0.371428571428571 1.415 1.91066666666667 2LBL TRUE
425 5000 0.485714285714286 1.415 1.91066666666667 2LBL TRUE
426 6000 0.504761904761905 1.415 1.91066666666667 2LBL TRUE
427 7000 0.523809523809524 1.415 1.91066666666667 2LBL TRUE
428 8000 0.542857142857143 1.415 1.91066666666667 2LBL TRUE
429 9000 0.542857142857143 1.415 1.91066666666667 2LBL TRUE
430 10000 0.523809523809524 1.415 1.91066666666667 2LBL TRUE
431 1000 0.428571428571429 0 0.567 2LP9 TRUE
432 2000 0.428571428571429 0 0.567 2LP9 TRUE
433 3000 0.390476190476191 0.62 0.567 2LP9 TRUE
434 4000 0.333333333333333 0.62 0.567 2LP9 TRUE
435 5000 0.352380952380952 0.62 0.567 2LP9 TRUE
436 6000 0.371428571428571 0.62 0.567 2LP9 TRUE
437 7000 0.390476190476191 0 0.567 2LP9 TRUE
438 8000 0.371428571428571 0 0.567 2LP9 TRUE
439 9000 0.390476190476191 0 2.00933333333333 2LP9 TRUE
440 10000 0.352380952380952 0.62 0.567 2LP9 TRUE
441 1000 0.6 0 1.8 2LV0 TRUE
442 2000 0.657142857142857 0 1.8 2LV0 TRUE
443 3000 0.638095238095238 0 1.8 2LV0 TRUE
444 4000 0.638095238095238 0 1.8 2LV0 TRUE
445 5000 0.619047619047619 0 1.8 2LV0 TRUE
446 6000 0.657142857142857 0 1.8 2LV0 TRUE
447 7000 0.619047619047619 0 1.8 2LV0 TRUE
448 8000 0.638095238095238 0 1.29766666666667 2LV0 TRUE
449 9000 0.695238095238095 0 1.29766666666667 2LV0 TRUE
450 10000 0.657142857142857 0 1.8 2LV0 TRUE
451 1000 -0.384615384615385 9.347 9.11066666666667 4A4U FALSE
452 2000 -0.282051282051282 7.223 8.874 4A4U FALSE
453 3000 -0.230769230769231 9.347 8.874 4A4U FALSE
454 4000 -0.0769230769230769 9.347 7.42333333333333 4A4U FALSE
455 5000 0.0256410256410256 9.347 7.03266666666667 4A4U FALSE
456 6000 -0.230769230769231 9.347 8.62033333333333 4A4U FALSE
457 7000 -0.179487179487179 9.347 7.66233333333333 4A4U FALSE
458 8000 -0.307692307692308 9.347 7.66233333333333 4A4U FALSE
459 9000 -0.179487179487179 9.347 7.66233333333333 4A4U FALSE
460 10000 -0.205128205128205 9.347 8.62033333333333 4A4U FALSE
461 1000 0.714285714285714 2.446 2.18533333333333 1LDZ TRUE
462 2000 0.695238095238095 0 2.18533333333333 1LDZ TRUE
463 3000 0.695238095238095 0 2.18533333333333 1LDZ TRUE
464 4000 0.714285714285714 0 2.18533333333333 1LDZ TRUE
465 5000 0.695238095238095 0 2.18533333333333 1LDZ TRUE
466 6000 0.676190476190476 0 2.18533333333333 1LDZ TRUE
467 7000 0.676190476190476 0 2.18533333333333 1LDZ TRUE
468 8000 0.695238095238095 0 2.18533333333333 1LDZ TRUE
469 9000 0.676190476190476 0 2.18533333333333 1LDZ TRUE
470 10000 0.695238095238095 0 2.18533333333333 1LDZ TRUE
471 1000 0.371428571428571 4.354 2.66033333333333 2LDL FALSE
472 2000 0.428571428571429 4.354 3.42466666666667 2LDL FALSE
473 3000 0.314285714285714 5.92 3.18233333333333 2LDL FALSE
474 4000 0.314285714285714 5.92 2.69833333333333 2LDL FALSE
475 5000 0.390476190476191 5.92 2.45733333333333 2LDL FALSE
476 6000 0.40952380952381 5.92 2.69833333333333 2LDL FALSE
477 7000 0.390476190476191 5.92 2.69833333333333 2LDL FALSE
478 8000 0.40952380952381 5.92 3.18233333333333 2LDL FALSE
479 9000 0.390476190476191 5.92 3.18233333333333 2LDL FALSE
480 10000 0.40952380952381 5.92 3.18233333333333 2LDL FALSE
481 1000 0.485714285714286 0.513 0.627333333333333 2LPA TRUE
482 2000 0.504761904761905 0 0.627333333333333 2LPA TRUE
483 3000 0.466666666666667 0 0.627333333333333 2LPA TRUE
484 4000 0.447619047619048 0 0.627333333333333 2LPA TRUE
485 5000 0.390476190476191 0 0.627333333333333 2LPA TRUE
486 6000 0.428571428571429 0 0.627333333333333 2LPA TRUE
487 7000 0.466666666666667 0 0.475333333333333 2LPA TRUE
488 8000 0.485714285714286 0 0.475333333333333 2LPA TRUE
489 9000 0.390476190476191 0 0.627333333333333 2LPA TRUE
490 10000 0.447619047619048 0 0.627333333333333 2LPA TRUE
491 1000 0.276190476190476 5.729 3.81933333333333 1NC0 FALSE
492 2000 0.276190476190476 5.729 4.30233333333333 1NC0 FALSE
493 3000 0.352380952380952 5.729 2.62566666666667 1NC0 FALSE
494 4000 0.314285714285714 5.729 2.62566666666667 1NC0 FALSE
495 5000 0.314285714285714 5.729 3.58633333333333 1NC0 FALSE
496 6000 0.219047619047619 5.729 4.30233333333333 1NC0 FALSE
497 7000 0.238095238095238 5.729 4.30233333333333 1NC0 FALSE
498 8000 0.219047619047619 5.729 3.58633333333333 1NC0 FALSE
499 9000 0.219047619047619 5.729 4.30233333333333 1NC0 FALSE
500 10000 0.219047619047619 5.729 4.30233333333333 1NC0 FALSE
501 1000 0.0476190476190476 7.146 5.33966666666667 2LDT FALSE
502 2000 0.0285714285714286 7.146 6.06666666666667 2LDT FALSE
503 3000 0.0285714285714286 7.146 6.06666666666667 2LDT FALSE
504 4000 0.0285714285714286 7.146 6.06666666666667 2LDT FALSE
505 5000 0.00952380952380952 7.146 6.06666666666667 2LDT FALSE
506 6000 0.0476190476190476 7.146 6.06666666666667 2LDT FALSE
507 7000 0.161904761904762 2.661 5.33966666666667 2LDT TRUE
508 8000 0.00952380952380952 2.661 5.33966666666667 2LDT TRUE
509 9000 0.00952380952380952 2.661 5.33966666666667 2LDT TRUE
510 10000 0.0476190476190476 2.661 5.33966666666667 2LDT TRUE
511 1000 0.638095238095238 0 0.74 1OW9 TRUE
512 2000 0.638095238095238 0 0.74 1OW9 TRUE
513 3000 0.619047619047619 0 0.74 1OW9 TRUE
514 4000 0.580952380952381 0 0.74 1OW9 TRUE
515 5000 0.638095238095238 0 0.74 1OW9 TRUE
516 6000 0.638095238095238 0 0.74 1OW9 TRUE
517 7000 0.619047619047619 0 0.74 1OW9 TRUE
518 8000 0.6 0 0.74 1OW9 TRUE
519 9000 0.6 0 0.74 1OW9 TRUE
520 10000 0.619047619047619 0 0.74 1OW9 TRUE
521 1000 0.447619047619048 1.536 4.62033333333333 1YSV TRUE
522 2000 0.523809523809524 1.536 3.332 1YSV TRUE
523 3000 0.542857142857143 1.536 3.332 1YSV TRUE
524 4000 0.6 1.536 3.332 1YSV TRUE
525 5000 0.561904761904762 1.536 3.332 1YSV TRUE
526 6000 0.561904761904762 1.536 1.79766666666667 1YSV TRUE
527 7000 0.580952380952381 1.536 1.79766666666667 1YSV TRUE
528 8000 0.542857142857143 1.536 3.332 1YSV TRUE
529 9000 0.542857142857143 1.536 3.332 1YSV TRUE
530 10000 0.561904761904762 1.536 3.332 1YSV TRUE
531 1000 0.695238095238095 0.506 0.506333333333333 2KOC TRUE
532 2000 0.714285714285714 0.506 0.506333333333333 2KOC TRUE
533 3000 0.676190476190476 0.506 0.506333333333333 2KOC TRUE
534 4000 0.695238095238095 0.506 0.506333333333333 2KOC TRUE
535 5000 0.695238095238095 0.506 0.506333333333333 2KOC TRUE
536 6000 0.657142857142857 0.506 0.506333333333333 2KOC TRUE
537 7000 0.695238095238095 0.506 0.506333333333333 2KOC TRUE
538 8000 0.695238095238095 0.506 0.506333333333333 2KOC TRUE
539 9000 0.695238095238095 0.506 0.506333333333333 2KOC TRUE
540 10000 0.676190476190476 0.506 0.506333333333333 2KOC TRUE
541 1000 0.676190476190476 1.839 0.923 2LHP TRUE
542 2000 0.695238095238095 1.839 1.82233333333333 2LHP TRUE
543 3000 0.6 1.839 1.82233333333333 2LHP TRUE
544 4000 0.638095238095238 1.839 1.82233333333333 2LHP TRUE
545 5000 0.638095238095238 1.839 1.82233333333333 2LHP TRUE
546 6000 0.638095238095238 1.839 1.82233333333333 2LHP TRUE
547 7000 0.619047619047619 1.839 1.82233333333333 2LHP TRUE
548 8000 0.580952380952381 1.839 1.82233333333333 2LHP TRUE
549 9000 0.6 1.839 1.51233333333333 2LHP TRUE
550 10000 0.657142857142857 1.839 1.82233333333333 2LHP TRUE
551 1000 0.604395604395604 2.421 0.975333333333333 2Y95 TRUE
552 2000 0.604395604395604 2.421 0.975333333333333 2Y95 TRUE
553 3000 0.626373626373626 2.421 0.975333333333333 2Y95 TRUE
554 4000 0.626373626373626 2.421 0.975333333333333 2Y95 TRUE
555 5000 0.604395604395604 2.421 0.975333333333333 2Y95 TRUE
556 6000 0.582417582417582 2.421 0.975333333333333 2Y95 TRUE
557 7000 0.604395604395604 2.421 0.975333333333333 2Y95 TRUE
558 8000 0.604395604395604 2.421 0.975333333333333 2Y95 TRUE
559 9000 0.604395604395604 2.421 0.975333333333333 2Y95 TRUE
560 10000 0.56043956043956 2.421 0.975333333333333 2Y95 TRUE
561 1000 0.384615384615385 0 1.893 1SCL TRUE
562 2000 0.516483516483517 0 1.00866666666667 1SCL TRUE
563 3000 0.516483516483517 1.778 2.06966666666667 1SCL TRUE
564 4000 0.406593406593407 4.431 2.06966666666667 1SCL FALSE
565 5000 0.450549450549451 4.431 2.06966666666667 1SCL FALSE
566 6000 0.538461538461538 1.778 2.06966666666667 1SCL TRUE
567 7000 0.472527472527473 1.778 2.06966666666667 1SCL TRUE
568 8000 0.538461538461538 0 2.06966666666667 1SCL TRUE
569 9000 0.604395604395604 0 2.06966666666667 1SCL TRUE
570 10000 0.428571428571429 4.431 2.06966666666667 1SCL FALSE
571 1000 -0.314285714285714 0 8.47433333333333 1Z2J TRUE
572 2000 -0.257142857142857 0 6.76766666666667 1Z2J TRUE
573 3000 -0.447619047619048 12.19 11.5056666666667 1Z2J FALSE
574 4000 -0.40952380952381 8.113 11.5056666666667 1Z2J FALSE
575 5000 -0.161904761904762 0 7.44233333333333 1Z2J TRUE
576 6000 -0.447619047619048 8.113 11.5056666666667 1Z2J FALSE
577 7000 -0.257142857142857 0 7.44233333333333 1Z2J TRUE
578 8000 -0.0285714285714286 0 3.04533333333333 1Z2J TRUE
579 9000 -0.123809523809524 0 5.079 1Z2J TRUE
580 10000 -0.104761904761905 0 3.04533333333333 1Z2J TRUE
581 1000 0.824175824175824 1.79 0.91 2L3E TRUE
582 2000 0.802197802197802 1.79 1.76333333333333 2L3E TRUE
583 3000 0.846153846153846 0.94 0.91 2L3E TRUE
584 4000 0.824175824175824 1.79 0.91 2L3E TRUE
585 5000 0.824175824175824 1.79 0.91 2L3E TRUE
586 6000 0.824175824175824 1.79 0.91 2L3E TRUE
587 7000 0.802197802197802 1.79 0.91 2L3E TRUE
588 8000 0.846153846153846 0.94 0.91 2L3E TRUE
589 9000 0.846153846153846 1.79 0.91 2L3E TRUE
590 10000 0.824175824175824 1.79 0.91 2L3E TRUE
591 1000 0.257142857142857 0 3.08266666666667 2M24 TRUE
592 2000 0.219047619047619 2.091 3.77966666666667 2M24 TRUE
593 3000 0.352380952380952 0.877 4.032 2M24 TRUE
594 4000 0.314285714285714 2.091 3.77966666666667 2M24 TRUE
595 5000 0.352380952380952 2.091 3.77966666666667 2M24 TRUE
596 6000 0.219047619047619 2.091 3.77966666666667 2M24 TRUE
597 7000 0.238095238095238 2.091 3.77966666666667 2M24 TRUE
598 8000 0.257142857142857 2.091 3.77966666666667 2M24 TRUE
599 9000 0.314285714285714 2.091 3.77966666666667 2M24 TRUE
600 10000 0.219047619047619 2.091 3.77966666666667 2M24 TRUE
601 1000 0.454545454545455 1.504 6.41633333333333 2MHI TRUE
602 2000 0.490909090909091 0 1.412 2MHI TRUE
603 3000 0.490909090909091 0 1.412 2MHI TRUE
604 4000 0.527272727272727 0 1.412 2MHI TRUE
605 5000 0.454545454545455 1.504 7.327 2MHI TRUE
606 6000 0.418181818181818 2.732 7.327 2MHI TRUE
607 7000 0.418181818181818 2.732 1.412 2MHI TRUE
608 8000 0.418181818181818 0 6.82566666666667 2MHI TRUE
609 9000 0.527272727272727 0 6.41633333333333 2MHI TRUE
610 10000 0.527272727272727 0 1.412 2MHI TRUE
611 1000 -0.333333333333333 10.042 10.942 2N6S FALSE
612 2000 -0.314285714285714 11.841 7.90233333333333 2N6S FALSE
613 3000 -0.238095238095238 11.841 10.03 2N6S FALSE
614 4000 -0.2 11.841 7.90233333333333 2N6S FALSE
615 5000 -0.276190476190476 11.841 10.03 2N6S FALSE
616 6000 -0.0476190476190476 0 4.25466666666667 2N6S TRUE
617 7000 -0.0285714285714286 11.841 4.25466666666667 2N6S FALSE
618 8000 -0.180952380952381 11.841 4.25466666666667 2N6S FALSE
619 9000 -0.142857142857143 0 4.25466666666667 2N6S TRUE
620 10000 -0.219047619047619 0 7.59466666666667 2N6S TRUE
