iters cors rmsds mean_rmsd id status
1 1000 0.657142857142857 0 0.955 1ZC5 TRUE
2 2000 0.657142857142857 0 0.955 1ZC5 TRUE
3 3000 0.504761904761905 0 0.955 1ZC5 TRUE
4 4000 0.619047619047619 0 0.955 1ZC5 TRUE
5 5000 0.428571428571429 1.013 2.209 1ZC5 TRUE
6 6000 0.523809523809524 0 0.955 1ZC5 TRUE
7 7000 0.695238095238095 0 0.955 1ZC5 TRUE
8 8000 0.504761904761905 0 0.955 1ZC5 TRUE
9 9000 0.466666666666667 1.013 0.955 1ZC5 TRUE
10 10000 0.504761904761905 0 0.955 1ZC5 TRUE
11 1000 0.274725274725275 1.78 6.09933333333333 2LUN TRUE
12 2000 0.252747252747253 8.677 4.92466666666667 2LUN FALSE
13 3000 0.208791208791209 8.677 6.67533333333333 2LUN FALSE
14 4000 0.230769230769231 8.677 6.67533333333333 2LUN FALSE
15 5000 0.252747252747253 8.677 6.67533333333333 2LUN FALSE
16 6000 0.252747252747253 8.677 6.67533333333333 2LUN FALSE
17 7000 0.208791208791209 8.677 6.67533333333333 2LUN FALSE
18 8000 0.252747252747253 8.677 6.67533333333333 2LUN FALSE
19 9000 0.230769230769231 8.677 6.67533333333333 2LUN FALSE
20 10000 0.208791208791209 8.677 6.67533333333333 2LUN FALSE
21 1000 0.230769230769231 0.963 0.963 2M4W TRUE
22 2000 0.179487179487179 0.963 0.963 2M4W TRUE
23 3000 0.179487179487179 0.963 0.963 2M4W TRUE
24 4000 0.205128205128205 0.963 0.963 2M4W TRUE
25 5000 0.179487179487179 0.963 0.963 2M4W TRUE
26 6000 0.179487179487179 0.963 0.963 2M4W TRUE
27 7000 0.230769230769231 0.963 0.963 2M4W TRUE
28 8000 0.256410256410256 0.963 0.963 2M4W TRUE
29 9000 0.205128205128205 0.963 0.963 2M4W TRUE
30 10000 0.230769230769231 0.963 0.963 2M4W TRUE
31 1000 0.120879120879121 7.108 3.55533333333333 2MNC FALSE
32 2000 0.0769230769230769 2.032 4.062 2MNC TRUE
33 3000 0.0769230769230769 7.108 3.04666666666667 2MNC FALSE
34 4000 0.032967032967033 7.108 3.04666666666667 2MNC FALSE
35 5000 0.010989010989011 7.108 3.04666666666667 2MNC FALSE
36 6000 -0.032967032967033 7.108 3.04666666666667 2MNC FALSE
37 7000 -0.0989010989010989 7.108 3.04666666666667 2MNC FALSE
38 8000 -0.032967032967033 7.108 3.04666666666667 2MNC FALSE
39 9000 -0.032967032967033 7.108 3.04666666666667 2MNC FALSE
40 10000 0.032967032967033 7.108 3.04666666666667 2MNC FALSE
41 1000 -0.180952380952381 7.059 7.10233333333333 2N6T FALSE
42 2000 0.00952380952380952 7.059 6.107 2N6T FALSE
43 3000 0.00952380952380952 7.059 6.107 2N6T FALSE
44 4000 0.0476190476190476 7.059 6.107 2N6T FALSE
45 5000 0.0476190476190476 7.059 6.107 2N6T FALSE
46 6000 0.0285714285714286 7.059 7.10233333333333 2N6T FALSE
47 7000 0.00952380952380952 7.059 7.10233333333333 2N6T FALSE
48 8000 -0.00952380952380952 7.059 6.107 2N6T FALSE
49 9000 0.00952380952380952 7.059 6.107 2N6T FALSE
50 10000 0.142857142857143 6.16 6.107 2N6T FALSE
51 1000 0.0857142857142857 6.225 4.14933333333333 2M5U FALSE
52 2000 0.142857142857143 4.358 4.14933333333333 2M5U FALSE
53 3000 0.0476190476190476 6.903 4.79233333333333 2M5U FALSE
54 4000 0.0666666666666667 6.903 4.99833333333333 2M5U FALSE
55 5000 -0.0285714285714286 3.734 5.62066666666667 2M5U FALSE
56 6000 -0.123809523809524 6.225 5.82866666666667 2M5U FALSE
57 7000 -0.123809523809524 6.225 4.99766666666667 2M5U FALSE
58 8000 -0.161904761904762 6.903 6.46366666666667 2M5U FALSE
59 9000 -0.161904761904762 6.903 4.99766666666667 2M5U FALSE
60 10000 0.0476190476190476 6.903 4.59166666666667 2M5U FALSE
61 1000 0.447619047619048 5.839 2.59466666666667 2MXL FALSE
62 2000 0.523809523809524 5.839 2.59466666666667 2MXL FALSE
63 3000 0.371428571428571 0 3.35866666666667 2MXL TRUE
64 4000 0.6 0 3.35866666666667 2MXL TRUE
65 5000 0.523809523809524 3.024 2.01533333333333 2MXL FALSE
66 6000 0.504761904761905 0 3.35866666666667 2MXL TRUE
67 7000 0.428571428571429 5.839 3.35866666666667 2MXL FALSE
68 8000 0.542857142857143 3.024 2.95433333333333 2MXL FALSE
69 9000 0.447619047619048 5.839 3.35866666666667 2MXL FALSE
70 10000 0.504761904761905 4.237 4.007 2MXL FALSE
71 1000 -0.295238095238095 18.516 15.174 2N6W FALSE
72 2000 -0.447619047619048 18.516 16.1116666666667 2N6W FALSE
73 3000 -0.371428571428571 18.516 15.174 2N6W FALSE
74 4000 -0.333333333333333 18.516 15.174 2N6W FALSE
75 5000 -0.428571428571429 18.516 15.174 2N6W FALSE
76 6000 -0.390476190476191 18.516 15.174 2N6W FALSE
77 7000 -0.390476190476191 18.516 15.174 2N6W FALSE
78 8000 -0.333333333333333 18.516 15.174 2N6W FALSE
79 9000 -0.352380952380952 18.516 15.174 2N6W FALSE
80 10000 -0.371428571428571 18.516 15.174 2N6W FALSE
81 1000 0.296703296703297 1.712 2.852 2NCI TRUE
82 2000 0.252747252747253 1.712 2.52966666666667 2NCI TRUE
83 3000 0.296703296703297 1.712 0.893 2NCI TRUE
84 4000 0.142857142857143 1.712 3.88233333333333 2NCI TRUE
85 5000 0.274725274725275 1.712 2.52966666666667 2NCI TRUE
86 6000 0.296703296703297 1.712 0.893 2NCI TRUE
87 7000 0.340659340659341 1.712 0.893 2NCI TRUE
88 8000 0.296703296703297 1.712 0.893 2NCI TRUE
89 9000 0.362637362637363 0 0.893 2NCI TRUE
90 10000 0.318681318681319 1.712 0.893 2NCI TRUE
91 1000 0.657142857142857 0 0.662 1UUU TRUE
92 2000 0.638095238095238 0 0.662 1UUU TRUE
93 3000 0.638095238095238 0 0.662 1UUU TRUE
94 4000 0.638095238095238 0 0.662 1UUU TRUE
95 5000 0.6 0.734 0.662 1UUU TRUE
96 6000 0.638095238095238 0.734 0.662 1UUU TRUE
97 7000 0.657142857142857 0.734 0.662 1UUU TRUE
98 8000 0.6 0.734 0.662 1UUU TRUE
99 9000 0.6 0.734 0.662 1UUU TRUE
100 10000 0.6 0.734 0.662 1UUU TRUE
101 1000 -0.333333333333333 8.288 6.76733333333333 2JWV FALSE
102 2000 -0.238095238095238 8.288 6.76733333333333 2JWV FALSE
103 3000 -0.238095238095238 8.288 6.76733333333333 2JWV FALSE
104 4000 -0.219047619047619 8.288 6.76733333333333 2JWV FALSE
105 5000 -0.295238095238095 8.288 6.76733333333333 2JWV FALSE
106 6000 -0.257142857142857 8.288 6.76733333333333 2JWV FALSE
107 7000 -0.257142857142857 8.288 6.76733333333333 2JWV FALSE
108 8000 -0.257142857142857 8.288 6.76733333333333 2JWV FALSE
109 9000 -0.276190476190476 8.288 6.76733333333333 2JWV FALSE
110 10000 -0.238095238095238 8.288 6.76733333333333 2JWV FALSE
111 1000 -0.0666666666666667 10.002 5.71166666666667 2M12 FALSE
112 2000 -0.40952380952381 10.002 8.80466666666667 2M12 FALSE
113 3000 -0.238095238095238 10.002 8.80466666666667 2M12 FALSE
114 4000 -0.2 7.133 6.04466666666667 2M12 FALSE
115 5000 -0.219047619047619 10.002 8.80466666666667 2M12 FALSE
116 6000 -0.2 10.002 8.80466666666667 2M12 FALSE
117 7000 -0.276190476190476 10.002 8.80466666666667 2M12 FALSE
118 8000 -0.257142857142857 10.002 8.80466666666667 2M12 FALSE
119 9000 -0.295238095238095 10.002 8.80466666666667 2M12 FALSE
120 10000 -0.238095238095238 10.002 8.80466666666667 2M12 FALSE
121 1000 0.381818181818182 2.566 8.31533333333333 2M8K TRUE
122 2000 0.309090909090909 2.566 5.56 2M8K TRUE
123 3000 0.309090909090909 2.566 8.31533333333333 2M8K TRUE
124 4000 0.381818181818182 2.566 8.31533333333333 2M8K TRUE
125 5000 0.381818181818182 2.566 8.31533333333333 2M8K TRUE
126 6000 0.309090909090909 2.566 8.31533333333333 2M8K TRUE
127 7000 0.345454545454545 2.566 5.56 2M8K TRUE
128 8000 0.381818181818182 2.566 5.56 2M8K TRUE
129 9000 0.454545454545455 2.566 5.56 2M8K TRUE
130 10000 0.418181818181818 2.566 5.56 2M8K TRUE
131 1000 0.257142857142857 5.973 2.91266666666667 2N2O FALSE
132 2000 0.352380952380952 1.535 2.67466666666667 2N2O TRUE
133 3000 0.371428571428571 1.535 2.371 2N2O TRUE
134 4000 0.371428571428571 1.535 2.371 2N2O TRUE
135 5000 0.371428571428571 1.535 2.371 2N2O TRUE
136 6000 0.40952380952381 1.535 2.371 2N2O TRUE
137 7000 0.40952380952381 1.535 2.371 2N2O TRUE
138 8000 0.428571428571429 1.535 2.371 2N2O TRUE
139 9000 0.390476190476191 1.535 2.371 2N2O TRUE
140 10000 0.371428571428571 1.535 2.67466666666667 2N2O TRUE
141 1000 -0.00952380952380952 8.053 9.872 2N6X FALSE
142 2000 -0.142857142857143 8.053 15.3516666666667 2N6X FALSE
143 3000 -0.123809523809524 19.72 13.2816666666667 2N6X FALSE
144 4000 0.0285714285714286 19.72 9.872 2N6X FALSE
145 5000 -0.00952380952380952 8.053 9.872 2N6X FALSE
146 6000 0.104761904761905 8.053 9.872 2N6X FALSE
147 7000 0.0476190476190476 8.053 6.59933333333333 2N6X FALSE
148 8000 0.0666666666666667 8.053 6.59933333333333 2N6X FALSE
149 9000 0.00952380952380952 18.282 10.009 2N6X FALSE
150 10000 0.104761904761905 18.282 6.70833333333333 2N6X FALSE
151 1000 0.0285714285714286 3.323 4.65933333333333 2QH2 FALSE
152 2000 -0.00952380952380952 3.323 6.302 2QH2 FALSE
153 3000 -0.00952380952380952 3.323 5.48633333333333 2QH2 FALSE
154 4000 0.0285714285714286 3.323 6.302 2QH2 FALSE
155 5000 0.0285714285714286 3.323 6.302 2QH2 FALSE
156 6000 0.0857142857142857 3.323 4.39933333333333 2QH2 FALSE
157 7000 0.0857142857142857 3.323 4.39933333333333 2QH2 FALSE
158 8000 0.104761904761905 2.457 3.84033333333333 2QH2 TRUE
159 9000 0.161904761904762 2.457 3.30466666666667 2QH2 TRUE
160 10000 0.123809523809524 2.457 3.30466666666667 2QH2 TRUE
161 1000 0.0857142857142857 6.886 8.48933333333333 5A17 FALSE
162 2000 -0.219047619047619 6.886 10.1413333333333 5A17 FALSE
163 3000 -0.2 6.886 9.81266666666667 5A17 FALSE
164 4000 -0.180952380952381 6.886 7.53533333333333 5A17 FALSE
165 5000 -0.161904761904762 6.886 10.1413333333333 5A17 FALSE
166 6000 -0.142857142857143 6.886 8.85866666666667 5A17 FALSE
167 7000 0.00952380952380952 6.886 8.67366666666667 5A17 FALSE
168 8000 -0.0666666666666667 6.886 8.85866666666667 5A17 FALSE
169 9000 -0.0857142857142857 6.886 6.06766666666667 5A17 FALSE
170 10000 -0.0857142857142857 6.886 8.67366666666667 5A17 FALSE
171 1000 0.485714285714286 4.351 3.11366666666667 1XHP FALSE
172 2000 0.447619047619048 1.664 3.33133333333333 1XHP TRUE
173 3000 0.447619047619048 4.351 3.11366666666667 1XHP FALSE
174 4000 0.504761904761905 1.664 3.673 1XHP TRUE
175 5000 0.466666666666667 1.664 3.33133333333333 1XHP TRUE
176 6000 0.466666666666667 1.664 3.11366666666667 1XHP TRUE
177 7000 0.333333333333333 5.004 3.673 1XHP FALSE
178 8000 0.542857142857143 1.664 3.11366666666667 1XHP TRUE
179 9000 0.523809523809524 1.664 3.11366666666667 1XHP TRUE
180 10000 0.561904761904762 1.664 3.11366666666667 1XHP TRUE
181 1000 0.123809523809524 0 3.33566666666667 2K66 TRUE
182 2000 0.161904761904762 0.679 4.92733333333333 2K66 TRUE
183 3000 0.00952380952380952 8.027 5.145 2K66 FALSE
184 4000 0.0857142857142857 0 2.902 2K66 TRUE
185 5000 0.219047619047619 0 2.902 2K66 TRUE
186 6000 0.104761904761905 0.679 3.346 2K66 TRUE
187 7000 0.142857142857143 0 2.902 2K66 TRUE
188 8000 0.238095238095238 0 2.902 2K66 TRUE
189 9000 0.238095238095238 0 2.902 2K66 TRUE
190 10000 0.0666666666666667 0 3.11966666666667 2K66 TRUE
191 1000 0.318681318681319 0.989 3.53033333333333 2LQZ TRUE
192 2000 0.0549450549450549 8.799 6.13366666666667 2LQZ FALSE
193 3000 -0.032967032967033 8.799 5.87533333333333 2LQZ FALSE
194 4000 0.0989010989010989 8.799 6.13366666666667 2LQZ FALSE
195 5000 -0.0769230769230769 8.799 5.87166666666667 2LQZ FALSE
196 6000 -0.0549450549450549 8.799 5.87166666666667 2LQZ FALSE
197 7000 -0.0549450549450549 8.799 5.87166666666667 2LQZ FALSE
198 8000 -0.0549450549450549 8.799 5.87166666666667 2LQZ FALSE
199 9000 -0.0549450549450549 8.799 5.87166666666667 2LQZ FALSE
200 10000 0.010989010989011 8.799 6.78166666666667 2LQZ FALSE
201 1000 0.180952380952381 1.335 3.98133333333333 2M21 TRUE
202 2000 0.104761904761905 8.123 3.98133333333333 2M21 FALSE
203 3000 0.142857142857143 8.123 3.98133333333333 2M21 FALSE
204 4000 0.0857142857142857 8.123 3.98133333333333 2M21 FALSE
205 5000 0.0857142857142857 8.123 3.98133333333333 2M21 FALSE
206 6000 0.123809523809524 2.486 3.98133333333333 2M21 TRUE
207 7000 0.104761904761905 2.486 3.98133333333333 2M21 TRUE
208 8000 0.142857142857143 8.123 3.98133333333333 2M21 FALSE
209 9000 0.123809523809524 8.123 3.98133333333333 2M21 FALSE
210 10000 0.161904761904762 2.486 3.98133333333333 2M21 TRUE
211 1000 0.142857142857143 0 5.07466666666667 2MEQ TRUE
212 2000 0.104761904761905 0 5.07466666666667 2MEQ TRUE
213 3000 0.142857142857143 0 5.07466666666667 2MEQ TRUE
214 4000 0.161904761904762 0 5.07466666666667 2MEQ TRUE
215 5000 0.123809523809524 0 5.07466666666667 2MEQ TRUE
216 6000 0.142857142857143 0 5.07466666666667 2MEQ TRUE
217 7000 0.142857142857143 0 4.837 2MEQ TRUE
218 8000 0.104761904761905 0 4.837 2MEQ TRUE
219 9000 0.142857142857143 0 2.56666666666667 2MEQ TRUE
220 10000 0.142857142857143 0 4.837 2MEQ TRUE
221 1000 0.466666666666667 2.184 3.05433333333333 2N2P TRUE
222 2000 0.428571428571429 2.05 3.297 2N2P TRUE
223 3000 0.352380952380952 4.929 3.297 2N2P FALSE
224 4000 0.333333333333333 2.05 4.08233333333333 2N2P TRUE
225 5000 0.390476190476191 2.05 2.32633333333333 2N2P TRUE
226 6000 0.390476190476191 2.05 3.297 2N2P TRUE
227 7000 0.428571428571429 2.05 1.654 2N2P TRUE
228 8000 0.428571428571429 2.05 1.654 2N2P TRUE
229 9000 0.428571428571429 2.05 1.654 2N2P TRUE
230 10000 0.40952380952381 2.05 4.08233333333333 2N2P TRUE
231 1000 0.295238095238095 0 2.89433333333333 2N7X TRUE
232 2000 0.238095238095238 0 2.651 2N7X TRUE
233 3000 0.314285714285714 0 2.651 2N7X TRUE
234 4000 0.333333333333333 2.169 2.651 2N7X TRUE
235 5000 0.428571428571429 5.784 2.18833333333333 2N7X FALSE
236 6000 0.466666666666667 5.784 2.18833333333333 2N7X FALSE
237 7000 0.428571428571429 2.891 3.152 2N7X TRUE
238 8000 0.504761904761905 0.781 2.18833333333333 2N7X TRUE
239 9000 0.466666666666667 0.781 2.18833333333333 2N7X TRUE
240 10000 0.485714285714286 0.781 2.18833333333333 2N7X TRUE
241 1000 0.295238095238095 5.226 5.011 2QH4 FALSE
242 2000 0.219047619047619 5.226 5.011 2QH4 FALSE
243 3000 0.295238095238095 2.613 4.578 2QH4 TRUE
244 4000 0.428571428571429 2.613 4.14166666666667 2QH4 TRUE
245 5000 0.40952380952381 2.613 4.14166666666667 2QH4 TRUE
246 6000 0.40952380952381 2.613 4.14166666666667 2QH4 TRUE
247 7000 0.276190476190476 2.613 5.011 2QH4 TRUE
248 8000 0.276190476190476 2.613 5.011 2QH4 TRUE
249 9000 0.295238095238095 2.613 4.79766666666667 2QH4 TRUE
250 10000 0.276190476190476 2.613 5.011 2QH4 TRUE
251 1000 0.161904761904762 8.956 4.67466666666667 5A18 FALSE
252 2000 0.257142857142857 8.956 7.98266666666667 5A18 FALSE
253 3000 0.238095238095238 8.956 7.98266666666667 5A18 FALSE
254 4000 0.2 8.956 7.98266666666667 5A18 FALSE
255 5000 0.2 8.956 7.98266666666667 5A18 FALSE
256 6000 0.257142857142857 8.956 4.67466666666667 5A18 FALSE
257 7000 0.2 8.956 7.98266666666667 5A18 FALSE
258 8000 0.219047619047619 8.956 4.67466666666667 5A18 FALSE
259 9000 0.238095238095238 8.956 4.67466666666667 5A18 FALSE
260 10000 0.142857142857143 8.956 7.98266666666667 5A18 FALSE
261 1000 0.180952380952381 1.428 4.53266666666667 2M22 TRUE
262 2000 0.180952380952381 1.428 4.53266666666667 2M22 TRUE
263 3000 0.238095238095238 1.428 4.53266666666667 2M22 TRUE
264 4000 0.123809523809524 1.428 4.53266666666667 2M22 TRUE
265 5000 0.142857142857143 1.428 4.53266666666667 2M22 TRUE
266 6000 0.180952380952381 1.428 4.53266666666667 2M22 TRUE
267 7000 0.219047619047619 1.428 4.53266666666667 2M22 TRUE
268 8000 0.161904761904762 1.428 4.53266666666667 2M22 TRUE
269 9000 0.161904761904762 1.428 4.53266666666667 2M22 TRUE
270 10000 0.142857142857143 1.428 4.53266666666667 2M22 TRUE
271 1000 0.00952380952380952 1.627 2.534 2MFD TRUE
272 2000 -0.0285714285714286 1.627 2.71333333333333 2MFD TRUE
273 3000 -0.0285714285714286 1.627 2.71333333333333 2MFD TRUE
274 4000 -0.00952380952380952 1.627 2.71333333333333 2MFD TRUE
275 5000 -0.0857142857142857 4.345 2.71333333333333 2MFD FALSE
276 6000 -0.0666666666666667 4.345 2.71333333333333 2MFD FALSE
277 7000 -0.0285714285714286 1.627 2.71333333333333 2MFD TRUE
278 8000 -0.0476190476190476 4.345 2.71333333333333 2MFD FALSE
279 9000 -0.0285714285714286 1.627 2.71333333333333 2MFD TRUE
280 10000 -0.0476190476190476 4.345 2.71333333333333 2MFD FALSE
281 1000 -0.104761904761905 0 11.1586666666667 2N4L TRUE
282 2000 -0.180952380952381 0 6.19866666666667 2N4L TRUE
283 3000 0.2 0 8.65933333333333 2N4L TRUE
284 4000 0.295238095238095 0 1.239 2N4L TRUE
285 5000 0.123809523809524 0 6.199 2N4L TRUE
286 6000 -0.161904761904762 0 6.19866666666667 2N4L TRUE
287 7000 0.161904761904762 0 5.786 2N4L TRUE
288 8000 0.0476190476190476 0 9.49766666666667 2N4L TRUE
289 9000 0.142857142857143 0 9.49766666666667 2N4L TRUE
290 10000 0.123809523809524 0 6.199 2N4L TRUE
291 1000 -0.102564102564103 2.68 7.47933333333333 5KQE TRUE
292 2000 -0.128205128205128 2.68 7.47933333333333 5KQE TRUE
293 3000 -0.0769230769230769 2.68 8.074 5KQE TRUE
294 4000 -0.0769230769230769 9.055 8.074 5KQE FALSE
295 5000 -0.0769230769230769 9.055 8.074 5KQE FALSE
296 6000 -0.0769230769230769 9.055 8.074 5KQE FALSE
297 7000 -0.0769230769230769 2.68 8.074 5KQE TRUE
298 8000 -0.0256410256410256 2.68 8.074 5KQE TRUE
299 9000 -0.153846153846154 9.055 8.074 5KQE FALSE
300 10000 -0.128205128205128 2.68 8.074 5KQE TRUE
301 1000 -0.0476190476190476 3.798 4.895 1KKA FALSE
302 2000 -0.0476190476190476 3.798 4.895 1KKA FALSE
303 3000 -0.0285714285714286 3.798 4.895 1KKA FALSE
304 4000 -0.0285714285714286 3.798 4.895 1KKA FALSE
305 5000 -0.0285714285714286 3.798 4.895 1KKA FALSE
306 6000 -0.0285714285714286 3.798 4.895 1KKA FALSE
307 7000 -0.0285714285714286 3.798 4.895 1KKA FALSE
308 8000 -0.00952380952380952 3.798 4.895 1KKA FALSE
309 9000 -0.00952380952380952 3.798 4.534 1KKA FALSE
310 10000 0.00952380952380952 3.798 4.534 1KKA FALSE
311 1000 -0.161904761904762 8.202 5.475 1PJY FALSE
312 2000 -0.0666666666666667 7.444 5.633 1PJY FALSE
313 3000 -0.123809523809524 7.444 5.633 1PJY FALSE
314 4000 -0.142857142857143 7.444 5.633 1PJY FALSE
315 5000 -0.142857142857143 7.444 5.633 1PJY FALSE
316 6000 -0.142857142857143 7.444 5.633 1PJY FALSE
317 7000 -0.123809523809524 7.444 5.633 1PJY FALSE
318 8000 -0.123809523809524 7.444 5.633 1PJY FALSE
319 9000 -0.104761904761905 7.444 5.633 1PJY FALSE
320 10000 -0.123809523809524 7.444 5.633 1PJY FALSE
321 1000 -0.0666666666666667 10.812 9.616 2LI4 FALSE
322 2000 -0.0666666666666667 6.309 9.616 2LI4 FALSE
323 3000 -0.0666666666666667 6.309 9.616 2LI4 FALSE
324 4000 -0.0666666666666667 6.309 9.616 2LI4 FALSE
325 5000 -0.0857142857142857 6.309 9.616 2LI4 FALSE
326 6000 -0.00952380952380952 6.309 6.91433333333333 2LI4 FALSE
327 7000 -0.142857142857143 6.309 9.616 2LI4 FALSE
328 8000 -0.180952380952381 6.309 9.616 2LI4 FALSE
329 9000 -0.180952380952381 6.309 9.616 2LI4 FALSE
330 10000 -0.180952380952381 6.309 9.616 2LI4 FALSE
331 1000 0.314285714285714 9.433 7.039 2LUB FALSE
332 2000 0.447619047619048 0 5.04733333333333 2LUB TRUE
333 3000 0.352380952380952 8.504 5.473 2LUB FALSE
334 4000 0.257142857142857 8.504 5.473 2LUB FALSE
335 5000 0.142857142857143 6.638 5.67566666666667 2LUB FALSE
336 6000 0.276190476190476 6.638 5.473 2LUB FALSE
337 7000 0.2 6.638 5.67566666666667 2LUB FALSE
338 8000 0.142857142857143 8.504 5.473 2LUB FALSE
339 9000 0.0285714285714286 6.638 6.94833333333333 2LUB FALSE
340 10000 0.219047619047619 1.277 5.473 2LUB TRUE
341 1000 -0.179487179487179 3.873 6.68 4A4S FALSE
342 2000 -0.333333333333333 9.062 7.32933333333333 4A4S FALSE
343 3000 -0.333333333333333 7.105 7.32933333333333 4A4S FALSE
344 4000 -0.256410256410256 9.062 7.32933333333333 4A4S FALSE
345 5000 -0.307692307692308 9.062 7.32933333333333 4A4S FALSE
346 6000 -0.307692307692308 9.062 7.32933333333333 4A4S FALSE
347 7000 -0.307692307692308 9.062 7.32933333333333 4A4S FALSE
348 8000 -0.333333333333333 9.062 7.32933333333333 4A4S FALSE
349 9000 -0.282051282051282 9.062 7.32933333333333 4A4S FALSE
350 10000 -0.282051282051282 9.062 7.32933333333333 4A4S FALSE
351 1000 -0.485714285714286 9.953 8.76466666666667 1L1W FALSE
352 2000 -0.485714285714286 9.074 9.68066666666667 1L1W FALSE
353 3000 -0.466666666666667 9.953 8.76466666666667 1L1W FALSE
354 4000 -0.447619047619048 9.074 8.76466666666667 1L1W FALSE
355 5000 -0.466666666666667 9.953 8.76466666666667 1L1W FALSE
356 6000 -0.485714285714286 9.953 9.06266666666667 1L1W FALSE
357 7000 -0.504761904761905 9.953 9.06266666666667 1L1W FALSE
358 8000 -0.504761904761905 9.953 9.06266666666667 1L1W FALSE
359 9000 -0.485714285714286 9.953 8.76466666666667 1L1W FALSE
360 10000 -0.504761904761905 9.953 9.06266666666667 1L1W FALSE
361 1000 0.390476190476191 5.738 7.473 1R7W FALSE
362 2000 0.447619047619048 5.738 7.473 1R7W FALSE
363 3000 0.447619047619048 5.738 7.473 1R7W FALSE
364 4000 0.390476190476191 7.179 7.473 1R7W FALSE
365 5000 0.352380952380952 7.179 7.473 1R7W FALSE
366 6000 0.390476190476191 7.179 7.473 1R7W FALSE
367 7000 0.371428571428571 7.179 7.473 1R7W FALSE
368 8000 0.447619047619048 5.738 7.473 1R7W FALSE
369 9000 0.390476190476191 5.738 7.473 1R7W FALSE
370 10000 0.390476190476191 5.738 7.473 1R7W FALSE
371 1000 0.276190476190476 1.764 3.34533333333333 2LBJ TRUE
372 2000 0.504761904761905 1.764 2.746 2LBJ TRUE
373 3000 0.371428571428571 1.764 3.34533333333333 2LBJ TRUE
374 4000 0.390476190476191 1.764 3.15066666666667 2LBJ TRUE
375 5000 0.390476190476191 1.764 3.54866666666667 2LBJ TRUE
376 6000 0.371428571428571 1.764 3.34533333333333 2LBJ TRUE
377 7000 0.428571428571429 1.764 3.34533333333333 2LBJ TRUE
378 8000 0.428571428571429 1.764 3.34533333333333 2LBJ TRUE
379 9000 0.428571428571429 1.764 3.34533333333333 2LBJ TRUE
380 10000 0.40952380952381 1.764 3.54866666666667 2LBJ TRUE
381 1000 0.314285714285714 2.023 2.715 2LK3 TRUE
382 2000 0.314285714285714 4.756 4.06633333333333 2LK3 FALSE
383 3000 0.0857142857142857 4.756 5.881 2LK3 FALSE
384 4000 0.0476190476190476 4.756 5.881 2LK3 FALSE
385 5000 0.352380952380952 4.756 2.70933333333333 2LK3 FALSE
386 6000 0.180952380952381 4.756 3.38533333333333 2LK3 FALSE
387 7000 0.276190476190476 4.756 3.16066666666667 2LK3 FALSE
388 8000 0.104761904761905 4.756 5.64566666666667 2LK3 FALSE
389 9000 0.161904761904762 4.756 4.072 2LK3 FALSE
390 10000 0.123809523809524 4.756 4.072 2LK3 FALSE
391 1000 -0.102564102564103 8.959 5.96666666666667 4A4T FALSE
392 2000 -0.179487179487179 6.28 5.29766666666667 4A4T FALSE
393 3000 -0.256410256410256 6.28 5.53133333333333 4A4T FALSE
394 4000 0 6.28 5.07366666666667 4A4T FALSE
395 5000 -0.0512820512820513 4.12 5.71833333333333 4A4T FALSE
396 6000 -0.179487179487179 4.12 5.71833333333333 4A4T FALSE
397 7000 -0.153846153846154 4.12 4.81133333333333 4A4T FALSE
398 8000 -0.102564102564103 4.12 4.81133333333333 4A4T FALSE
399 9000 -0.179487179487179 4.12 6.404 4A4T FALSE
400 10000 -0.256410256410256 4.12 6.404 4A4T FALSE
401 1000 -0.276190476190476 8.155 6.42966666666667 1LC6 FALSE
402 2000 -0.161904761904762 8.155 6.42966666666667 1LC6 FALSE
403 3000 -0.219047619047619 8.155 8.392 1LC6 FALSE
404 4000 -0.219047619047619 5.938 7.653 1LC6 FALSE
405 5000 -0.161904761904762 5.938 4.94066666666667 1LC6 FALSE
406 6000 -0.161904761904762 5.938 4.94066666666667 1LC6 FALSE
407 7000 -0.257142857142857 5.938 6.918 1LC6 FALSE
408 8000 -0.142857142857143 5.938 5.18733333333333 1LC6 FALSE
409 9000 -0.180952380952381 8.155 6.42966666666667 1LC6 FALSE
410 10000 -0.180952380952381 8.155 6.42966666666667 1LC6 FALSE
411 1000 0.219047619047619 10.76 6.58466666666667 2FDT FALSE
412 2000 0.257142857142857 4.504 5.088 2FDT FALSE
413 3000 0.142857142857143 10.76 6.29433333333333 2FDT FALSE
414 4000 0.295238095238095 10.76 3.88766666666667 2FDT FALSE
415 5000 0.257142857142857 10.76 5.088 2FDT FALSE
416 6000 0.257142857142857 4.504 5.088 2FDT FALSE
417 7000 0.161904761904762 10.76 5.088 2FDT FALSE
418 8000 0.2 0 5.99333333333333 2FDT TRUE
419 9000 0.295238095238095 10.76 5.088 2FDT FALSE
420 10000 0.161904761904762 10.76 5.088 2FDT FALSE
421 1000 0.352380952380952 2.463 1.91066666666667 2LBL TRUE
422 2000 0.371428571428571 2.463 1.91066666666667 2LBL TRUE
423 3000 0.390476190476191 2.463 1.91066666666667 2LBL TRUE
424 4000 0.257142857142857 2.463 1.91066666666667 2LBL TRUE
425 5000 0.371428571428571 2.463 1.91066666666667 2LBL TRUE
426 6000 0.295238095238095 2.463 1.91066666666667 2LBL TRUE
427 7000 0.295238095238095 2.463 1.91066666666667 2LBL TRUE
428 8000 0.333333333333333 2.463 1.91066666666667 2LBL TRUE
429 9000 0.314285714285714 2.463 1.91066666666667 2LBL TRUE
430 10000 0.314285714285714 2.463 1.91066666666667 2LBL TRUE
431 1000 0.238095238095238 0.62 2.98766666666667 2LP9 TRUE
432 2000 0.371428571428571 0 2.00933333333333 2LP9 TRUE
433 3000 0.123809523809524 0 4.22333333333333 2LP9 TRUE
434 4000 0.276190476190476 0 2.00933333333333 2LP9 TRUE
435 5000 0.123809523809524 5.408 2.36966666666667 2LP9 FALSE
436 6000 0.2 5.408 2.54966666666667 2LP9 FALSE
437 7000 0.2 0 2.00933333333333 2LP9 TRUE
438 8000 0.257142857142857 0 4.22333333333333 2LP9 TRUE
439 9000 0.219047619047619 0 4.22333333333333 2LP9 TRUE
440 10000 0.238095238095238 0 2.62733333333333 2LP9 TRUE
441 1000 0.619047619047619 3.028 1.29766666666667 2LV0 FALSE
442 2000 0.676190476190476 3.028 1.29766666666667 2LV0 FALSE
443 3000 0.657142857142857 3.028 1.29766666666667 2LV0 FALSE
444 4000 0.619047619047619 3.028 1.29766666666667 2LV0 FALSE
445 5000 0.638095238095238 3.028 1.29766666666667 2LV0 FALSE
446 6000 0.6 3.028 1.29766666666667 2LV0 FALSE
447 7000 0.6 3.028 1.29766666666667 2LV0 FALSE
448 8000 0.6 3.028 1.29766666666667 2LV0 FALSE
449 9000 0.580952380952381 3.028 1.29766666666667 2LV0 FALSE
450 10000 0.6 3.028 1.29766666666667 2LV0 FALSE
451 1000 -0.358974358974359 9.347 9.11066666666667 4A4U FALSE
452 2000 -0.282051282051282 7.223 8.874 4A4U FALSE
453 3000 -0.128205128205128 9.347 8.874 4A4U FALSE
454 4000 -0.0256410256410256 9.347 7.42333333333333 4A4U FALSE
455 5000 0.102564102564103 9.347 7.03266666666667 4A4U FALSE
456 6000 -0.205128205128205 9.347 8.62033333333333 4A4U FALSE
457 7000 -0.128205128205128 9.347 8.62033333333333 4A4U FALSE
458 8000 -0.256410256410256 9.347 8.62033333333333 4A4U FALSE
459 9000 -0.153846153846154 9.347 7.42333333333333 4A4U FALSE
460 10000 -0.128205128205128 9.347 8.62033333333333 4A4U FALSE
461 1000 0.523809523809524 4.11 3.305 1LDZ FALSE
462 2000 0.466666666666667 0 3.305 1LDZ TRUE
463 3000 0.447619047619048 4.11 3.305 1LDZ FALSE
464 4000 0.40952380952381 4.11 3.305 1LDZ FALSE
465 5000 0.447619047619048 4.11 2.18533333333333 1LDZ FALSE
466 6000 0.447619047619048 4.11 2.18533333333333 1LDZ FALSE
467 7000 0.428571428571429 4.11 3.305 1LDZ FALSE
468 8000 0.447619047619048 4.11 2.18533333333333 1LDZ FALSE
469 9000 0.428571428571429 4.11 2.18533333333333 1LDZ FALSE
470 10000 0.428571428571429 4.11 2.18533333333333 1LDZ FALSE
471 1000 0.104761904761905 4.354 4.35533333333333 2LDL FALSE
472 2000 -0.00952380952380952 7.26 4.35533333333333 2LDL FALSE
473 3000 0.161904761904762 1.452 6.28833333333333 2LDL TRUE
474 4000 0.142857142857143 1.452 6.28833333333333 2LDL TRUE
475 5000 0.219047619047619 1.452 6.28833333333333 2LDL TRUE
476 6000 0.238095238095238 1.452 6.28833333333333 2LDL TRUE
477 7000 0.161904761904762 7.26 4.60266666666667 2LDL FALSE
478 8000 0.2 7.26 6.28833333333333 2LDL FALSE
479 9000 0.161904761904762 7.26 4.60266666666667 2LDL FALSE
480 10000 0.2 7.26 6.28833333333333 2LDL FALSE
481 1000 -0.104761904761905 3.195 3.31133333333333 2LPA FALSE
482 2000 -0.180952380952381 6.739 4.52833333333333 2LPA FALSE
483 3000 -0.00952380952380952 0 3.46333333333333 2LPA TRUE
484 4000 0.161904761904762 3.651 2.282 2LPA FALSE
485 5000 -0.0285714285714286 3.651 4.37666666666667 2LPA FALSE
486 6000 0.142857142857143 3.195 3.04233333333333 2LPA FALSE
487 7000 0.104761904761905 3.195 3.04233333333333 2LPA FALSE
488 8000 0.00952380952380952 3.651 3.04233333333333 2LPA FALSE
489 9000 0.00952380952380952 3.195 4.52833333333333 2LPA FALSE
490 10000 -0.0476190476190476 3.651 4.52833333333333 2LPA FALSE
491 1000 0.142857142857143 5.03 4.542 1NC0 FALSE
492 2000 0.123809523809524 5.03 5.50466666666667 1NC0 FALSE
493 3000 0.276190476190476 5.03 5.027 1NC0 FALSE
494 4000 0.257142857142857 5.03 4.30233333333333 1NC0 FALSE
495 5000 0.295238095238095 5.03 6.22066666666667 1NC0 FALSE
496 6000 0.142857142857143 5.03 6.22066666666667 1NC0 FALSE
497 7000 0.161904761904762 5.03 5.027 1NC0 FALSE
498 8000 0.161904761904762 5.03 5.027 1NC0 FALSE
499 9000 0.2 5.03 4.30233333333333 1NC0 FALSE
500 10000 0.161904761904762 5.03 4.30233333333333 1NC0 FALSE
501 1000 -0.238095238095238 2.661 6.21066666666667 2LDT TRUE
502 2000 -0.2 4.842 6.93766666666667 2LDT FALSE
503 3000 -0.333333333333333 4.842 6.93766666666667 2LDT FALSE
504 4000 -0.276190476190476 4.842 6.93766666666667 2LDT FALSE
505 5000 -0.295238095238095 4.842 6.93766666666667 2LDT FALSE
506 6000 -0.295238095238095 4.842 6.93766666666667 2LDT FALSE
507 7000 -0.123809523809524 2.661 5.754 2LDT TRUE
508 8000 -0.276190476190476 2.661 6.65033333333333 2LDT TRUE
509 9000 -0.257142857142857 2.661 5.754 2LDT TRUE
510 10000 -0.276190476190476 2.661 6.65033333333333 2LDT TRUE
511 1000 0.638095238095238 0 1.39666666666667 1OW9 TRUE
512 2000 0.580952380952381 3.42 1.39666666666667 1OW9 FALSE
513 3000 0.6 0 1.39666666666667 1OW9 TRUE
514 4000 0.580952380952381 3.42 1.39666666666667 1OW9 FALSE
515 5000 0.580952380952381 3.42 1.39666666666667 1OW9 FALSE
516 6000 0.561904761904762 3.42 1.39666666666667 1OW9 FALSE
517 7000 0.542857142857143 3.42 1.39666666666667 1OW9 FALSE
518 8000 0.580952380952381 0 1.39666666666667 1OW9 TRUE
519 9000 0.580952380952381 0 1.39666666666667 1OW9 TRUE
520 10000 0.580952380952381 0 1.39666666666667 1OW9 TRUE
521 1000 0.257142857142857 3.856 4.11433333333333 1YSV FALSE
522 2000 0.238095238095238 3.856 4.11433333333333 1YSV FALSE
523 3000 0.276190476190476 3.856 4.11433333333333 1YSV FALSE
524 4000 0.257142857142857 3.856 4.11433333333333 1YSV FALSE
525 5000 0.276190476190476 3.856 4.11433333333333 1YSV FALSE
526 6000 0.257142857142857 3.856 4.11433333333333 1YSV FALSE
527 7000 0.219047619047619 3.856 4.11433333333333 1YSV FALSE
528 8000 0.257142857142857 3.856 4.11433333333333 1YSV FALSE
529 9000 0.276190476190476 3.856 4.11433333333333 1YSV FALSE
530 10000 0.276190476190476 3.856 4.11433333333333 1YSV FALSE
531 1000 0.580952380952381 0 2.01733333333333 2KOC TRUE
532 2000 0.619047619047619 0 0.506333333333333 2KOC TRUE
533 3000 0.6 0 0.506333333333333 2KOC TRUE
534 4000 0.619047619047619 0 0.506333333333333 2KOC TRUE
535 5000 0.6 0 0.506333333333333 2KOC TRUE
536 6000 0.619047619047619 0 0.506333333333333 2KOC TRUE
537 7000 0.6 0 0.506333333333333 2KOC TRUE
538 8000 0.6 0 0.506333333333333 2KOC TRUE
539 9000 0.6 0 0.506333333333333 2KOC TRUE
540 10000 0.580952380952381 1.013 0.506333333333333 2KOC TRUE
541 1000 0.0285714285714286 0.93 7.772 2LHP TRUE
542 2000 0.0285714285714286 11.649 7.53566666666667 2LHP FALSE
543 3000 0.219047619047619 4.807 5.79533333333333 2LHP FALSE
544 4000 0.104761904761905 1.839 6.09833333333333 2LHP TRUE
545 5000 0.0476190476190476 0 5.48533333333333 2LHP TRUE
546 6000 0.142857142857143 0 4.496 2LHP TRUE
547 7000 0.238095238095238 11.649 5.27366666666667 2LHP FALSE
548 8000 0.0476190476190476 11.649 5.27366666666667 2LHP FALSE
549 9000 0.0476190476190476 1.839 4.496 2LHP TRUE
550 10000 0.123809523809524 11.649 4.496 2LHP FALSE
551 1000 0.604395604395604 0 0.975333333333333 2Y95 TRUE
552 2000 0.626373626373626 0 0.975333333333333 2Y95 TRUE
553 3000 0.626373626373626 0 0.975333333333333 2Y95 TRUE
554 4000 0.626373626373626 0 1.29066666666667 2Y95 TRUE
555 5000 0.604395604395604 0 1.29066666666667 2Y95 TRUE
556 6000 0.604395604395604 0 1.29066666666667 2Y95 TRUE
557 7000 0.604395604395604 0 1.29066666666667 2Y95 TRUE
558 8000 0.604395604395604 0 1.29066666666667 2Y95 TRUE
559 9000 0.626373626373626 0 1.29066666666667 2Y95 TRUE
560 10000 0.626373626373626 0 1.29066666666667 2Y95 TRUE
561 1000 0.494505494505495 0 3.08 1SCL TRUE
562 2000 0.428571428571429 0 3.25666666666667 1SCL TRUE
563 3000 0.450549450549451 0 3.25666666666667 1SCL TRUE
564 4000 0.494505494505495 0 3.25666666666667 1SCL TRUE
565 5000 0.582417582417582 0 3.25666666666667 1SCL TRUE
566 6000 0.516483516483517 0 3.25666666666667 1SCL TRUE
567 7000 0.538461538461538 0 3.25666666666667 1SCL TRUE
568 8000 0.516483516483517 0 3.25666666666667 1SCL TRUE
569 9000 0.494505494505495 0 3.25666666666667 1SCL TRUE
570 10000 0.56043956043956 0 3.25666666666667 1SCL TRUE
571 1000 -0.219047619047619 0 5.11266666666667 1Z2J TRUE
572 2000 -0.2 0 6.76766666666667 1Z2J TRUE
573 3000 -0.428571428571429 8.113 11.5056666666667 1Z2J FALSE
574 4000 -0.390476190476191 8.113 11.5056666666667 1Z2J FALSE
575 5000 -0.142857142857143 0 7.44233333333333 1Z2J TRUE
576 6000 -0.447619047619048 8.113 11.5056666666667 1Z2J FALSE
577 7000 -0.257142857142857 0 7.44233333333333 1Z2J TRUE
578 8000 -0.0285714285714286 0 3.04533333333333 1Z2J TRUE
579 9000 -0.104761904761905 0 3.04533333333333 1Z2J TRUE
580 10000 -0.0857142857142857 8.113 3.04533333333333 1Z2J FALSE
581 1000 0.604395604395604 5.53 4.29333333333333 2L3E FALSE
582 2000 0.56043956043956 5.53 3.01 2L3E FALSE
583 3000 0.472527472527473 5.53 4.73833333333333 2L3E FALSE
584 4000 0.450549450549451 5.53 4.24533333333333 2L3E FALSE
585 5000 0.428571428571429 5.53 4.73833333333333 2L3E FALSE
586 6000 0.406593406593407 5.53 5.02166666666667 2L3E FALSE
587 7000 0.538461538461538 5.53 2.75333333333333 2L3E FALSE
588 8000 0.450549450549451 5.53 5.02166666666667 2L3E FALSE
589 9000 0.406593406593407 5.53 5.02166666666667 2L3E FALSE
590 10000 0.56043956043956 5.53 4.73833333333333 2L3E FALSE
591 1000 0.257142857142857 0 0.989333333333333 2M24 TRUE
592 2000 0.295238095238095 0.877 0.989333333333333 2M24 TRUE
593 3000 0.371428571428571 0.877 4.032 2M24 TRUE
594 4000 0.314285714285714 2.091 3.77966666666667 2M24 TRUE
595 5000 0.371428571428571 2.091 3.77966666666667 2M24 TRUE
596 6000 0.295238095238095 2.091 3.77966666666667 2M24 TRUE
597 7000 0.295238095238095 2.091 3.77966666666667 2M24 TRUE
598 8000 0.295238095238095 0.877 3.77966666666667 2M24 TRUE
599 9000 0.352380952380952 0.877 3.77966666666667 2M24 TRUE
600 10000 0.276190476190476 0.877 3.77966666666667 2M24 TRUE
601 1000 0.2 2.732 6.394 2MHI TRUE
602 2000 0.236363636363636 2.732 5.05666666666667 2MHI TRUE
603 3000 0.345454545454545 2.732 5.05666666666667 2MHI TRUE
604 4000 0.236363636363636 2.732 10.54 2MHI TRUE
605 5000 0.236363636363636 2.732 5.05666666666667 2MHI TRUE
606 6000 0.345454545454545 2.732 5.05666666666667 2MHI TRUE
607 7000 0.236363636363636 2.732 10.54 2MHI TRUE
608 8000 0.127272727272727 2.732 11.4123333333333 2MHI TRUE
609 9000 0.236363636363636 2.732 5.05666666666667 2MHI TRUE
610 10000 0.236363636363636 2.732 5.05666666666667 2MHI TRUE
611 1000 -0.219047619047619 10.042 8.83766666666667 2N6S FALSE
612 2000 -0.219047619047619 10.943 7.90233333333333 2N6S FALSE
613 3000 -0.104761904761905 7.306 6.39066666666667 2N6S FALSE
614 4000 -0.0666666666666667 10.943 7.90233333333333 2N6S FALSE
615 5000 -0.142857142857143 10.943 6.39066666666667 2N6S FALSE
616 6000 0.104761904761905 0 4.25466666666667 2N6S TRUE
617 7000 0.0285714285714286 0 4.25466666666667 2N6S TRUE
618 8000 -0.0285714285714286 0 4.25466666666667 2N6S TRUE
619 9000 -0.0285714285714286 0 4.25466666666667 2N6S TRUE
620 10000 -0.104761904761905 0 6.995 2N6S TRUE
