iters cors rmsds mean_rmsd id status
1 1000 0.390476190476191 0 2.209 1ZC5 TRUE
2 2000 0.276190476190476 0 3.99766666666667 1ZC5 TRUE
3 3000 0.40952380952381 0 3.99766666666667 1ZC5 TRUE
4 4000 0.466666666666667 1.013 2.812 1ZC5 TRUE
5 5000 0.352380952380952 0 1.861 1ZC5 TRUE
6 6000 0.371428571428571 7.423 3.99766666666667 1ZC5 FALSE
7 7000 0.428571428571429 0 3.99766666666667 1ZC5 TRUE
8 8000 0.40952380952381 4.57 3.99766666666667 1ZC5 FALSE
9 9000 0.40952380952381 4.57 3.39466666666667 1ZC5 FALSE
10 10000 0.504761904761905 0 1.861 1ZC5 TRUE
11 1000 0.186813186813187 1.78 6.06866666666667 2LUN TRUE
12 2000 0.164835164835165 8.677 5.506 2LUN FALSE
13 3000 0.274725274725275 4.333 4.93 2LUN FALSE
14 4000 0.362637362637363 8.677 4.93 2LUN FALSE
15 5000 0.406593406593407 2.589 4.34866666666667 2LUN TRUE
16 6000 0.538461538461538 1.78 2.90066666666667 2LUN TRUE
17 7000 0.428571428571429 4.333 3.47666666666667 2LUN FALSE
18 8000 0.450549450549451 2.589 4.92466666666667 2LUN TRUE
19 9000 0.450549450549451 2.589 3.47666666666667 2LUN TRUE
20 10000 0.428571428571429 2.589 3.47666666666667 2LUN TRUE
21 1000 0 0.963 1.44333333333333 2M4W TRUE
22 2000 0.0769230769230769 0.963 1.44333333333333 2M4W TRUE
23 3000 0.102564102564103 0.963 0.963 2M4W TRUE
24 4000 0.0769230769230769 0.963 2.85333333333333 2M4W TRUE
25 5000 0.230769230769231 0.963 0.963 2M4W TRUE
26 6000 0.153846153846154 0.963 0.963 2M4W TRUE
27 7000 0.205128205128205 0.963 2.85333333333333 2M4W TRUE
28 8000 0.230769230769231 0.963 0.963 2M4W TRUE
29 9000 0.205128205128205 0.963 0.963 2M4W TRUE
30 10000 0.179487179487179 0.963 1.44333333333333 2M4W TRUE
31 1000 -0.0555589852284023 2.538 5.09366666666667 2MNC TRUE
32 2000 -0.0777825793197632 6.611 5.25033333333333 2MNC FALSE
33 3000 -0.144453361593846 1.526 5.08166666666667 2MNC TRUE
34 4000 0.0333353911370414 7.108 3.564 2MNC FALSE
35 5000 -0.296703296703297 7.108 5.08166666666667 2MNC FALSE
36 6000 -0.309396987261505 5.635 4.08466666666667 2MNC FALSE
37 7000 -0.464095480892257 6.611 5.443 2MNC FALSE
38 8000 -0.23334773795929 1.271 3.98766666666667 2MNC TRUE
39 9000 -0.154698493630752 5.635 4.67133333333333 2MNC FALSE
40 10000 -0.406593406593407 7.108 5.44233333333333 2MNC FALSE
41 1000 -0.123809523809524 3.122 9.11766666666667 2N6T FALSE
42 2000 -0.238095238095238 6.16 8.471 2N6T FALSE
43 3000 0.0285714285714286 6.16 8.10166666666667 2N6T FALSE
44 4000 -0.257142857142857 10.08 9.10866666666667 2N6T FALSE
45 5000 0.00952380952380952 6.16 6.454 2N6T FALSE
46 6000 -0.314285714285714 14.151 8.45366666666667 2N6T FALSE
47 7000 -0.104761904761905 6.16 9.46633333333333 2N6T FALSE
48 8000 -0.276190476190476 3.122 7.811 2N6T FALSE
49 9000 -0.276190476190476 3.122 9.78933333333333 2N6T FALSE
50 10000 -0.352380952380952 3.122 9.78933333333333 2N6T FALSE
51 1000 0.352380952380952 0 2.496 2M5U TRUE
52 2000 0.295238095238095 1.865 3.11766666666667 2M5U TRUE
53 3000 0.257142857142857 1.865 0.837333333333333 2M5U TRUE
54 4000 0.238095238095238 1.865 3.52566666666667 2M5U TRUE
55 5000 0.180952380952381 2.487 3.52566666666667 2M5U TRUE
56 6000 0.142857142857143 1.865 2.69666666666667 2M5U TRUE
57 7000 0.104761904761905 1.865 2.69666666666667 2M5U TRUE
58 8000 0.0285714285714286 6.225 5.40666666666667 2M5U FALSE
59 9000 0.0857142857142857 1.865 2.69666666666667 2M5U TRUE
60 10000 0.0666666666666667 0 4.97666666666667 2M5U TRUE
61 1000 0.180952380952381 5.078 2.70066666666667 2MXL FALSE
62 2000 0.314285714285714 0 2.341 2MXL TRUE
63 3000 0.257142857142857 0 6.49333333333333 2MXL TRUE
64 4000 0.352380952380952 0 2.95433333333333 2MXL TRUE
65 5000 0.238095238095238 3.024 3.28233333333333 2MXL FALSE
66 6000 0.180952380952381 0 3.28233333333333 2MXL TRUE
67 7000 0.0857142857142857 0 5.227 2MXL TRUE
68 8000 0.219047619047619 3.024 2.95433333333333 2MXL FALSE
69 9000 0.2 0 3.967 2MXL TRUE
70 10000 0.276190476190476 0 2.70066666666667 2MXL TRUE
71 1000 0.2 7.19 6.19366666666667 2N6W FALSE
72 2000 0.238095238095238 2.836 9.514 2N6W TRUE
73 3000 0.2 2.836 8.63233333333333 2N6W TRUE
74 4000 0.314285714285714 18.516 6.71266666666667 2N6W FALSE
75 5000 0.142857142857143 1.622 10.98 2N6W TRUE
76 6000 0.352380952380952 18.516 9.514 2N6W FALSE
77 7000 0.523809523809524 1.622 3.001 2N6W TRUE
78 8000 0.504761904761905 1.622 3.001 2N6W TRUE
79 9000 0.219047619047619 2.836 12.317 2N6W TRUE
80 10000 0.276190476190476 2.836 4.86166666666667 2N6W TRUE
81 1000 -0.0989010989010989 0 7.437 2NCI TRUE
82 2000 0.142857142857143 7.441 4.684 2NCI FALSE
83 3000 -0.208791208791209 7.441 6.38433333333333 2NCI FALSE
84 4000 -0.208791208791209 7.441 6.38433333333333 2NCI FALSE
85 5000 -0.032967032967033 7.441 6.062 2NCI FALSE
86 6000 -0.0989010989010989 7.441 8.26566666666667 2NCI FALSE
87 7000 -0.0549450549450549 10.745 6.062 2NCI FALSE
88 8000 -0.0549450549450549 10.745 6.38433333333333 2NCI FALSE
89 9000 -0.0549450549450549 10.745 6.888 2NCI FALSE
90 10000 -0.318681318681319 7.441 9.91733333333333 2NCI FALSE
91 1000 0.333333333333333 0.734 1.91133333333333 1UUU TRUE
92 2000 0.219047619047619 0 1.91133333333333 1UUU TRUE
93 3000 0.466666666666667 0.734 2.12166666666667 1UUU TRUE
94 4000 0.466666666666667 0 1.91133333333333 1UUU TRUE
95 5000 0.447619047619048 0 1.91133333333333 1UUU TRUE
96 6000 0.352380952380952 0 1.91133333333333 1UUU TRUE
97 7000 0.428571428571429 0 1.91133333333333 1UUU TRUE
98 8000 0.333333333333333 0 1.91133333333333 1UUU TRUE
99 9000 0.390476190476191 0 1.91133333333333 1UUU TRUE
100 10000 0.333333333333333 0 1.91133333333333 1UUU TRUE
101 1000 -0.447619047619048 6.458 9.822 2JWV FALSE
102 2000 -0.466666666666667 12.883 10.1293333333333 2JWV FALSE
103 3000 -0.333333333333333 6.458 6.76733333333333 2JWV FALSE
104 4000 -0.40952380952381 6.458 9.20966666666667 2JWV FALSE
105 5000 -0.352380952380952 8.288 6.76733333333333 2JWV FALSE
106 6000 -0.314285714285714 8.288 8.59766666666667 2JWV FALSE
107 7000 -0.276190476190476 8.288 8.297 2JWV FALSE
108 8000 -0.333333333333333 5.556 8.909 2JWV FALSE
109 9000 -0.333333333333333 8.288 8.297 2JWV FALSE
110 10000 -0.295238095238095 8.288 8.297 2JWV FALSE
111 1000 0.104761904761905 0 3.80966666666667 2M12 TRUE
112 2000 0.0666666666666667 0 1.18833333333333 2M12 TRUE
113 3000 0.314285714285714 1.427 3.80966666666667 2M12 TRUE
114 4000 0.180952380952381 0 3.80966666666667 2M12 TRUE
115 5000 0.238095238095238 0 5.949 2M12 TRUE
116 6000 0.333333333333333 0 3.80966666666667 2M12 TRUE
117 7000 0.295238095238095 0 1.18833333333333 2M12 TRUE
118 8000 0.238095238095238 0 1.18833333333333 2M12 TRUE
119 9000 0.238095238095238 0 1.18833333333333 2M12 TRUE
120 10000 0.219047619047619 0 4.04666666666667 2M12 TRUE
121 1000 -0.2 12.786 8.957 2M8K FALSE
122 2000 0.236363636363636 2.566 8.957 2M8K TRUE
123 3000 0.0181818181818182 2.566 8.957 2M8K TRUE
124 4000 0.163636363636364 2.566 8.31533333333333 2M8K TRUE
125 5000 0.0545454545454545 12.786 8.957 2M8K FALSE
126 6000 -0.0181818181818182 12.786 8.957 2M8K FALSE
127 7000 0.163636363636364 12.786 9.81433333333333 2M8K FALSE
128 8000 -0.0545454545454545 12.786 8.54433333333333 2M8K FALSE
129 9000 0.0909090909090909 2.566 8.957 2M8K TRUE
130 10000 0.0909090909090909 11.519 13.2113333333333 2M8K FALSE
131 1000 0.2 6.494 5.764 2N2O FALSE
132 2000 0.428571428571429 2.881 3.43233333333333 2N2O TRUE
133 3000 0.2 7.917 5.764 2N2O FALSE
134 4000 0.325362575999155 7.917 4.111 2N2O FALSE
135 5000 0.447619047619048 4.348 2.40966666666667 2N2O FALSE
136 6000 0.504761904761905 2.881 1.67933333333333 2N2O TRUE
137 7000 0.466666666666667 1.535 2.191 2N2O TRUE
138 8000 0.542857142857143 2.881 1.67933333333333 2N2O TRUE
139 9000 0.371428571428571 7.917 3.358 2N2O FALSE
140 10000 0.352380952380952 2.881 5.764 2N2O TRUE
141 1000 -0.219047619047619 16.87 16.4146666666667 2N6X FALSE
142 2000 -0.238095238095238 8.053 14.4016666666667 2N6X FALSE
143 3000 -0.257142857142857 16.87 14.4016666666667 2N6X FALSE
144 4000 -0.295238095238095 18.282 16.4146666666667 2N6X FALSE
145 5000 -0.428571428571429 18.282 16.4146666666667 2N6X FALSE
146 6000 -0.0857142857142857 8.053 12.079 2N6X FALSE
147 7000 -0.390476190476191 18.282 14.553 2N6X FALSE
148 8000 -0.333333333333333 18.282 14.553 2N6X FALSE
149 9000 -0.352380952380952 18.282 14.092 2N6X FALSE
150 10000 -0.180952380952381 18.282 14.092 2N6X FALSE
151 1000 0.352380952380952 3.323 3.84033333333333 2QH2 FALSE
152 2000 0.428571428571429 5.741 3.84033333333333 2QH2 FALSE
153 3000 0.6 2.457 1.92666666666667 2QH2 TRUE
154 4000 0.447619047619048 3.323 4.65933333333333 2QH2 FALSE
155 5000 0.504761904761905 1.648 3.282 2QH2 TRUE
156 6000 0.638095238095238 1.648 2.476 2QH2 TRUE
157 7000 0.428571428571429 1.648 3.57066666666667 2QH2 TRUE
158 8000 0.40952380952381 1.648 3.57066666666667 2QH2 TRUE
159 9000 0.428571428571429 1.648 3.57066666666667 2QH2 TRUE
160 10000 0.466666666666667 1.648 3.57066666666667 2QH2 TRUE
161 1000 0.142857142857143 1.951 8.16766666666667 5A17 TRUE
162 2000 0.142857142857143 13.754 7.02866666666667 5A17 FALSE
163 3000 0.123809523809524 13.754 7.74633333333333 5A17 FALSE
164 4000 0.104761904761905 13.754 7.02866666666667 5A17 FALSE
165 5000 0.0476190476190476 1.951 7.02866666666667 5A17 TRUE
166 6000 0.0476190476190476 13.754 8.16766666666667 5A17 FALSE
167 7000 0.104761904761905 13.754 8.16766666666667 5A17 FALSE
168 8000 0.104761904761905 13.754 7.02866666666667 5A17 FALSE
169 9000 0.0666666666666667 1.951 8.16766666666667 5A17 TRUE
170 10000 0.0285714285714286 13.754 8.16766666666667 5A17 FALSE
171 1000 0.0285714285714286 1.089 3.96966666666667 1XHP TRUE
172 2000 -0.0857142857142857 7.498 6.469 1XHP FALSE
173 3000 -0.180952380952381 1.089 6.74833333333333 1XHP TRUE
174 4000 -0.00952380952380952 1.089 6.469 1XHP TRUE
175 5000 -0.0476190476190476 7.498 5.08133333333333 1XHP FALSE
176 6000 -0.00952380952380952 6.657 8.325 1XHP FALSE
177 7000 0.00952380952380952 6.657 8.325 1XHP FALSE
178 8000 0.00952380952380952 7.498 5.08133333333333 1XHP FALSE
179 9000 0.0285714285714286 7.498 8.60433333333333 1XHP FALSE
180 10000 0.00952380952380952 7.498 5.08133333333333 1XHP FALSE
181 1000 0.123809523809524 0 2.902 2K66 TRUE
182 2000 0.24880667576406 6.076 2.69566666666667 2K66 FALSE
183 3000 0.161904761904762 0.679 2.69566666666667 2K66 TRUE
184 4000 0.180952380952381 0 3.11966666666667 2K66 TRUE
185 5000 0.161904761904762 0 2.902 2K66 TRUE
186 6000 0.180952380952381 0 3.11966666666667 2K66 TRUE
187 7000 0.2 0 4.701 2K66 TRUE
188 8000 0.314285714285714 6.076 2.25166666666667 2K66 FALSE
189 9000 0.276190476190476 0 2.46933333333333 2K66 TRUE
190 10000 0.123809523809524 0 3.11966666666667 2K66 TRUE
191 1000 -0.0769230769230769 5.604 4.92966666666667 2LQZ FALSE
192 2000 -0.208791208791209 2.397 7.72666666666667 2LQZ TRUE
193 3000 -0.296703296703297 11.194 8.79566666666667 2LQZ FALSE
194 4000 -0.142857142857143 5.604 8.79566666666667 2LQZ FALSE
195 5000 -0.120879120879121 5.604 7.73866666666667 2LQZ FALSE
196 6000 -0.340659340659341 5.604 7.466 2LQZ FALSE
197 7000 -0.032967032967033 5.604 5.86333333333333 2LQZ FALSE
198 8000 -0.0549450549450549 5.604 6.51133333333333 2LQZ FALSE
199 9000 -0.186813186813187 5.604 7.466 2LQZ FALSE
200 10000 -0.164835164835165 5.604 6.51133333333333 2LQZ FALSE
201 1000 0.314285714285714 1.922 3.75466666666667 2M21 TRUE
202 2000 0.523809523809524 1.922 1.91433333333333 2M21 TRUE
203 3000 0.523809523809524 1.922 1.91433333333333 2M21 TRUE
204 4000 0.466666666666667 1.922 2.921 2M21 TRUE
205 5000 0.485714285714286 4.355 2.53733333333333 2M21 FALSE
206 6000 0.542857142857143 1.922 1.91433333333333 2M21 TRUE
207 7000 0.619047619047619 1.922 1.35833333333333 2M21 TRUE
208 8000 0.6 1.922 1.91433333333333 2M21 TRUE
209 9000 0.504761904761905 2.486 1.91433333333333 2M21 TRUE
210 10000 0.523809523809524 2.486 3.13166666666667 2M21 TRUE
211 1000 -0.333333333333333 6.219 8.30033333333333 2MEQ FALSE
212 2000 -0.142857142857143 6.219 6.44733333333333 2MEQ FALSE
213 3000 -0.0857142857142857 6.219 3.94366666666667 2MEQ FALSE
214 4000 -0.00952380952380952 6.219 5.55666666666667 2MEQ FALSE
215 5000 -0.142857142857143 6.219 6.44733333333333 2MEQ FALSE
216 6000 -0.2 4.142 6.44733333333333 2MEQ FALSE
217 7000 -0.142857142857143 8.981 5.55666666666667 2MEQ FALSE
218 8000 -0.0285714285714286 8.981 4.86433333333333 2MEQ FALSE
219 9000 -0.0666666666666667 8.981 4.86433333333333 2MEQ FALSE
220 10000 -0.142857142857143 8.981 6.44733333333333 2MEQ FALSE
221 1000 0.287084625881607 2.184 3.05433333333333 2N2P TRUE
222 2000 0.295238095238095 2.184 3.137 2N2P TRUE
223 3000 0.2 2.05 3.36833333333333 2N2P TRUE
224 4000 0.0857142857142857 5.871 3.36833333333333 2N2P FALSE
225 5000 0.180952380952381 5.871 3.36833333333333 2N2P FALSE
226 6000 0.352380952380952 5.871 3.36833333333333 2N2P FALSE
227 7000 0.276190476190476 5.871 4.366 2N2P FALSE
228 8000 0.2 2.05 3.137 2N2P TRUE
229 9000 0.142857142857143 2.05 3.137 2N2P TRUE
230 10000 0.287084625881607 2.05 3.137 2N2P TRUE
231 1000 -0.0205737799949456 3.614 3.13933333333333 2N7X FALSE
232 2000 -0.395318929823828 3.614 5.304 2N7X FALSE
233 3000 -0.107889812495025 3.614 3.376 2N7X FALSE
234 4000 -0.0901127113779166 5.784 5.304 2N7X FALSE
235 5000 -0.0591484765150589 3.614 5.79333333333333 2N7X FALSE
236 6000 0.0891788756959721 0 3.135 2N7X TRUE
237 7000 0.00990876396621912 0 4.09933333333333 2N7X TRUE
238 8000 -0.0603938441678774 0 3.376 2N7X TRUE
239 9000 -0.119522860933439 3.614 5.79333333333333 2N7X FALSE
240 10000 -0.256310064898589 6.514 6.51666666666667 2N7X FALSE
241 1000 0.504761904761905 2.613 1.523 2QH4 TRUE
242 2000 0.257142857142857 2.613 1.523 2QH4 TRUE
243 3000 0.390476190476191 2.613 1.523 2QH4 TRUE
244 4000 0.447619047619048 2.613 1.523 2QH4 TRUE
245 5000 0.40952380952381 1.956 1.523 2QH4 TRUE
246 6000 0.485714285714286 1.956 1.523 2QH4 TRUE
247 7000 0.428571428571429 1.956 1.523 2QH4 TRUE
248 8000 0.428571428571429 1.956 1.523 2QH4 TRUE
249 9000 0.542857142857143 1.956 1.523 2QH4 TRUE
250 10000 0.523809523809524 1.956 1.523 2QH4 TRUE
251 1000 0.0285714285714286 1.989 7.321 5A18 TRUE
252 2000 -0.00952380952380952 1.989 7.65866666666667 5A18 TRUE
253 3000 -0.123809523809524 1.989 7.65866666666667 5A18 TRUE
254 4000 -0.00952380952380952 1.989 7.65866666666667 5A18 TRUE
255 5000 -0.0857142857142857 1.989 7.96633333333333 5A18 TRUE
256 6000 -0.00952380952380952 1.989 9.63933333333333 5A18 TRUE
257 7000 -0.0285714285714286 1.989 7.65866666666667 5A18 TRUE
258 8000 -0.0476190476190476 1.989 7.65866666666667 5A18 TRUE
259 9000 -0.0857142857142857 1.989 7.65866666666667 5A18 TRUE
260 10000 -0.0857142857142857 1.989 9.63933333333333 5A18 TRUE
261 1000 -0.2 7.212 5.53433333333333 2M22 FALSE
262 2000 -0.344501551057929 10.034 8.60733333333333 2M22 FALSE
263 3000 -0.219047619047619 4.295 6.69433333333333 2M22 FALSE
264 4000 -0.428571428571429 7.212 8.60733333333333 2M22 FALSE
265 5000 -0.219047619047619 7.212 7.17366666666667 2M22 FALSE
266 6000 -0.295238095238095 7.212 6.69433333333333 2M22 FALSE
267 7000 -0.161904761904762 7.212 6.69433333333333 2M22 FALSE
268 8000 -0.123809523809524 7.212 8.60733333333333 2M22 FALSE
269 9000 -0.238095238095238 7.212 8.60733333333333 2M22 FALSE
270 10000 -0.238095238095238 7.212 7.17366666666667 2M22 FALSE
271 1000 -0.390476190476191 4.345 4.16433333333333 2MFD FALSE
272 2000 -0.153111800470191 5.438 3.80333333333333 2MFD FALSE
273 3000 -0.161904761904762 4.345 3.80333333333333 2MFD FALSE
274 4000 -0.142857142857143 1.627 3.80333333333333 2MFD TRUE
275 5000 -0.104761904761905 4.345 4.16433333333333 2MFD FALSE
276 6000 -0.219047619047619 5.438 4.711 2MFD FALSE
277 7000 -0.161904761904762 4.345 4.16433333333333 2MFD FALSE
278 8000 -0.104761904761905 4.345 4.16433333333333 2MFD FALSE
279 9000 -0.104761904761905 2.71 3.985 2MFD TRUE
280 10000 -0.0666666666666667 4.345 4.16433333333333 2MFD FALSE
281 1000 0.542857142857143 0 2.15533333333333 2N4L TRUE
282 2000 0.542857142857143 0 2.15533333333333 2N4L TRUE
283 3000 0.638095238095238 0 2.15533333333333 2N4L TRUE
284 4000 0.638095238095238 0 2.15533333333333 2N4L TRUE
285 5000 0.561904761904762 0 2.15533333333333 2N4L TRUE
286 6000 0.657142857142857 0 2.15533333333333 2N4L TRUE
287 7000 0.619047619047619 0 2.15533333333333 2N4L TRUE
288 8000 0.657142857142857 0 2.15533333333333 2N4L TRUE
289 9000 0.619047619047619 0 2.15533333333333 2N4L TRUE
290 10000 0.619047619047619 0 2.15533333333333 2N4L TRUE
291 1000 0 10.703 9.95966666666667 5KQE FALSE
292 2000 0.102564102564103 2.68 7.739 5KQE TRUE
293 3000 -0.0769230769230769 0 4.461 5KQE TRUE
294 4000 0.102564102564103 10.703 4.461 5KQE FALSE
295 5000 -0.0512820512820513 10.703 7.73 5KQE FALSE
296 6000 0 10.703 8.62333333333333 5KQE FALSE
297 7000 0 2.68 8.62333333333333 5KQE TRUE
298 8000 0.153846153846154 2.68 7.47933333333333 5KQE TRUE
299 9000 0.0512820512820513 10.703 7.47933333333333 5KQE FALSE
300 10000 0.205128205128205 10.703 6.88333333333333 5KQE FALSE
301 1000 0.485714285714286 2.17 1.864 1KKA TRUE
302 2000 0.40952380952381 1.628 2.717 1KKA TRUE
303 3000 0.561904761904762 1.628 1.5 1KKA TRUE
304 4000 0.333333333333333 1.628 1.5 1KKA TRUE
305 5000 0.390476190476191 1.628 2.95466666666667 1KKA TRUE
306 6000 0.371428571428571 1.628 2.22766666666667 1KKA TRUE
307 7000 0.447619047619048 1.628 0.776666666666667 1KKA TRUE
308 8000 0.390476190476191 1.628 0.776666666666667 1KKA TRUE
309 9000 0.276190476190476 1.628 3.444 1KKA TRUE
310 10000 0.485714285714286 1.628 1.5 1KKA TRUE
311 1000 -0.0285714285714286 8.202 5.633 1PJY FALSE
312 2000 -0.219047619047619 6.207 3.52333333333333 1PJY FALSE
313 3000 -0.219047619047619 6.207 6.456 1PJY FALSE
314 4000 0.0285714285714286 1.253 4.13966666666667 1PJY TRUE
315 5000 -0.0285714285714286 4.959 4.13966666666667 1PJY FALSE
316 6000 0.161904761904762 1.253 4.13966666666667 1PJY TRUE
317 7000 0.0857142857142857 1.253 4.80466666666667 1PJY TRUE
318 8000 0.104761904761905 1.253 3.52333333333333 1PJY TRUE
319 9000 -0.104761904761905 3.11 3.52333333333333 1PJY FALSE
320 10000 0.2 1.253 2.92633333333333 1PJY TRUE
321 1000 -0.161904761904762 10.812 8.775 2LI4 FALSE
322 2000 -0.0476190476190476 10.812 8.71566666666667 2LI4 FALSE
323 3000 0.0285714285714286 10.812 6.60933333333333 2LI4 FALSE
324 4000 0.219047619047619 10.812 4.93666666666667 2LI4 FALSE
325 5000 0.180952380952381 10.812 5.709 2LI4 FALSE
326 6000 0.276190476190476 2.707 5.208 2LI4 TRUE
327 7000 0.180952380952381 10.812 7.693 2LI4 FALSE
328 8000 0.0666666666666667 10.812 7.94066666666667 2LI4 FALSE
329 9000 0.161904761904762 10.812 5.933 2LI4 FALSE
330 10000 0.180952380952381 10.812 5.208 2LI4 FALSE
331 1000 0.333333333333333 0 5.979 2LUB TRUE
332 2000 0.295238095238095 0 6.61033333333333 2LUB TRUE
333 3000 0.40952380952381 0 3.57 2LUB TRUE
334 4000 0.257142857142857 9.433 4.19833333333333 2LUB FALSE
335 5000 0.371428571428571 9.433 4.08666666666667 2LUB FALSE
336 6000 0.447619047619048 0 3.77266666666667 2LUB TRUE
337 7000 0.314285714285714 0 3.77266666666667 2LUB TRUE
338 8000 0.314285714285714 9.433 3.57 2LUB FALSE
339 9000 0.314285714285714 0 3.57 2LUB TRUE
340 10000 0.40952380952381 1.277 1.054 2LUB TRUE
341 1000 -0.307692307692308 8.508 7.14766666666667 4A4S FALSE
342 2000 -0.179487179487179 8.508 7.14766666666667 4A4S FALSE
343 3000 -0.0512820512820513 8.508 6.06733333333333 4A4S FALSE
344 4000 -0.179487179487179 8.508 7.14766666666667 4A4S FALSE
345 5000 -0.230769230769231 8.508 7.797 4A4S FALSE
346 6000 -0.256410256410256 8.508 7.14766666666667 4A4S FALSE
347 7000 -0.102564102564103 8.508 7.14766666666667 4A4S FALSE
348 8000 -0.205128205128205 8.508 7.797 4A4S FALSE
349 9000 -0.128205128205128 8.508 7.14766666666667 4A4S FALSE
350 10000 -0.230769230769231 8.508 7.14766666666667 4A4S FALSE
351 1000 -0.428571428571429 9.074 7.27133333333333 1L1W FALSE
352 2000 -0.2 9.074 8.16733333333333 1L1W FALSE
353 3000 -0.333333333333333 7.267 9.37633333333333 1L1W FALSE
354 4000 -0.295238095238095 9.074 8.16733333333333 1L1W FALSE
355 5000 -0.257142857142857 9.074 8.16733333333333 1L1W FALSE
356 6000 -0.485714285714286 9.074 8.16733333333333 1L1W FALSE
357 7000 -0.447619047619048 9.074 8.16733333333333 1L1W FALSE
358 8000 -0.371428571428571 9.074 8.16733333333333 1L1W FALSE
359 9000 -0.352380952380952 9.074 8.76466666666667 1L1W FALSE
360 10000 -0.466666666666667 9.074 8.16733333333333 1L1W FALSE
361 1000 0.523809523809524 1.039 0.970333333333333 1R7W TRUE
362 2000 0.6 1.872 1.55733333333333 1R7W TRUE
363 3000 0.466666666666667 1.039 2.259 1R7W TRUE
364 4000 0.504761904761905 1.039 2.57366666666667 1R7W TRUE
365 5000 0.447619047619048 3.797 5.626 1R7W FALSE
366 6000 0.276190476190476 5.738 5.99533333333333 1R7W FALSE
367 7000 0.619047619047619 1.039 1.90366666666667 1R7W TRUE
368 8000 0.466666666666667 1.039 4.77933333333333 1R7W TRUE
369 9000 0.390476190476191 5.738 3.47 1R7W FALSE
370 10000 0.504761904761905 5.738 3.19233333333333 1R7W FALSE
371 1000 0.390476190476191 3.529 1.97933333333333 2LBJ FALSE
372 2000 0.447619047619048 0.645 1.19666666666667 2LBJ TRUE
373 3000 0.504761904761905 0.645 0.803 2LBJ TRUE
374 4000 0.561904761904762 0 0.803 2LBJ TRUE
375 5000 0.466666666666667 0.645 0.803 2LBJ TRUE
376 6000 0.447619047619048 0.645 0.803 2LBJ TRUE
377 7000 0.485714285714286 0.645 0.803 2LBJ TRUE
378 8000 0.485714285714286 0.645 0.803 2LBJ TRUE
379 9000 0.504761904761905 0.645 0.803 2LBJ TRUE
380 10000 0.447619047619048 0.645 2.96533333333333 2LBJ TRUE
381 1000 0.238095238095238 6.854 3.18333333333333 2LK3 FALSE
382 2000 0.161904761904762 4.756 4.54433333333333 2LK3 FALSE
383 3000 -0.00952380952380952 6.854 4.99566666666667 2LK3 FALSE
384 4000 -0.352380952380952 3.377 6.56233333333333 2LK3 FALSE
385 5000 -0.00952380952380952 9.456 6.77333333333333 2LK3 FALSE
386 6000 -0.0666666666666667 6.854 7.93233333333333 2LK3 FALSE
387 7000 0.123809523809524 0.702 3.64433333333333 2LK3 TRUE
388 8000 0.00952380952380952 6.854 6.36566666666667 2LK3 FALSE
389 9000 -0.0857142857142857 9.456 7.233 2LK3 FALSE
390 10000 0.0857142857142857 4.756 4.99566666666667 2LK3 FALSE
391 1000 0.717948717948718 2.059 3.20433333333333 4A4T TRUE
392 2000 0.564102564102564 6.28 4.052 4A4T FALSE
393 3000 0.512820512820513 5.493 4.02333333333333 4A4T FALSE
394 4000 0.435897435897436 1.756 4.50966666666667 4A4T TRUE
395 5000 0.564102564102564 2.059 3.10266666666667 4A4T TRUE
396 6000 0.641025641025641 1.756 3.56566666666667 4A4T TRUE
397 7000 0.512820512820513 1.756 3.56566666666667 4A4T TRUE
398 8000 0.487179487179487 4.821 3.56566666666667 4A4T FALSE
399 9000 0.641025641025641 2.059 2.645 4A4T TRUE
400 10000 0.333333333333333 4.821 3.56566666666667 4A4T FALSE
401 1000 -0.0666666666666667 3.71 3.978 1LC6 FALSE
402 2000 -0.161904761904762 9.643 5.942 1LC6 FALSE
403 3000 0.0857142857142857 3.71 3.48433333333333 1LC6 FALSE
404 4000 0.104761904761905 8.155 4.22333333333333 1LC6 FALSE
405 5000 0.0857142857142857 0.805 4.47766666666667 1LC6 TRUE
406 6000 -0.0285714285714286 2.963 4.69733333333333 1LC6 TRUE
407 7000 -0.2 7.419 7.67133333333333 1LC6 FALSE
408 8000 0.142857142857143 7.419 3.978 1LC6 FALSE
409 9000 -0.0857142857142857 7.419 4.45066666666667 1LC6 FALSE
410 10000 0.0666666666666667 3.71 3.978 1LC6 FALSE
411 1000 0.2 0 3.29533333333333 2FDT TRUE
412 2000 0.2 1.795 3.624 2FDT TRUE
413 3000 0.161904761904762 1.795 3.306 2FDT TRUE
414 4000 0.257142857142857 1.795 3.306 2FDT TRUE
415 5000 0.276190476190476 7.22 3.005 2FDT FALSE
416 6000 0.485714285714286 1.795 2.09966666666667 2FDT TRUE
417 7000 0.466666666666667 0 2.695 2FDT TRUE
418 8000 0.333333333333333 1.795 3.005 2FDT TRUE
419 9000 0.295238095238095 1.795 2.09966666666667 2FDT TRUE
420 10000 0.390476190476191 1.795 2.40066666666667 2FDT TRUE
421 1000 0.142857142857143 3.697 4.33033333333333 2LBL FALSE
422 2000 0.142857142857143 0 2.67133333333333 2LBL TRUE
423 3000 0.104761904761905 4.977 3.098 2LBL FALSE
424 4000 0.142857142857143 0 2.89133333333333 2LBL TRUE
425 5000 0.123809523809524 4.317 1.67333333333333 2LBL FALSE
426 6000 0.142857142857143 4.317 2.67133333333333 2LBL FALSE
427 7000 0.2 3.697 1.46666666666667 2LBL FALSE
428 8000 0.257142857142857 0.703 1.67333333333333 2LBL TRUE
429 9000 0.238095238095238 3.697 1.46666666666667 2LBL FALSE
430 10000 0.238095238095238 4.317 2.90566666666667 2LBL FALSE
431 1000 -0.180952380952381 5.408 5.12433333333333 2LP9 FALSE
432 2000 0.0285714285714286 5.408 4.76366666666667 2LP9 FALSE
433 3000 -0.104761904761905 5.408 4.22333333333333 2LP9 FALSE
434 4000 -0.161904761904762 5.408 5.12433333333333 2LP9 FALSE
435 5000 -0.142857142857143 5.408 3.244 2LP9 FALSE
436 6000 0.0666666666666667 5.408 4.76366666666667 2LP9 FALSE
437 7000 -0.0285714285714286 5.967 4.332 2LP9 FALSE
438 8000 -0.0666666666666667 5.967 4.332 2LP9 FALSE
439 9000 0.180952380952381 1.621 4.332 2LP9 TRUE
440 10000 -0.123809523809524 5.967 4.95 2LP9 FALSE
441 1000 0.619047619047619 1.512 3.03333333333333 2LV0 TRUE
442 2000 0.657142857142857 5.321 2.27766666666667 2LV0 FALSE
443 3000 0.542857142857143 5.321 2.27766666666667 2LV0 FALSE
444 4000 0.580952380952381 5.321 2.27766666666667 2LV0 FALSE
445 5000 0.561904761904762 5.321 4.29966666666667 2LV0 FALSE
446 6000 0.504761904761905 5.321 2.27766666666667 2LV0 FALSE
447 7000 0.561904761904762 1.512 2.566 2LV0 TRUE
448 8000 0.447619047619048 5.321 4.29966666666667 2LV0 FALSE
449 9000 0.523809523809524 5.321 3.03333333333333 2LV0 FALSE
450 10000 0.542857142857143 1.512 2.566 2LV0 TRUE
451 1000 -0.0512820512820513 1.699 6.11766666666667 4A4U TRUE
452 2000 -0.0512820512820513 7.223 7.91233333333333 4A4U FALSE
453 3000 0.0769230769230769 1.699 6.32466666666667 4A4U TRUE
454 4000 0.282051282051282 2.871 4.639 4A4U TRUE
455 5000 0.358974358974359 1.699 2.71933333333333 4A4U TRUE
456 6000 0.205128205128205 3.588 2.71933333333333 4A4U FALSE
457 7000 0.307692307692308 3.588 4.06766666666667 4A4U FALSE
458 8000 0.0256410256410256 3.588 5.02933333333333 4A4U FALSE
459 9000 0.205128205128205 3.588 2.87066666666667 4A4U FALSE
460 10000 0.179487179487179 3.588 4.06766666666667 4A4U FALSE
461 1000 0.219047619047619 7.354 5.51433333333333 1LDZ FALSE
462 2000 0.0476190476190476 7.354 5.51433333333333 1LDZ FALSE
463 3000 0.219047619047619 7.354 4.15533333333333 1LDZ FALSE
464 4000 0.0857142857142857 7.354 5.51433333333333 1LDZ FALSE
465 5000 0.123809523809524 7.354 7.11533333333333 1LDZ FALSE
466 6000 0.161904761904762 7.354 5.51433333333333 1LDZ FALSE
467 7000 0.219047619047619 7.354 5.51433333333333 1LDZ FALSE
468 8000 0.123809523809524 7.354 4.72033333333333 1LDZ FALSE
469 9000 0.180952380952381 7.354 6.55033333333333 1LDZ FALSE
470 10000 0.2 7.354 6.55033333333333 1LDZ FALSE
471 1000 -0.180952380952381 4.354 6.772 2LDL FALSE
472 2000 -0.142857142857143 4.354 4.59633333333333 2LDL FALSE
473 3000 -0.123809523809524 2.175 3.629 2LDL TRUE
474 4000 -0.0476190476190476 2.175 3.88333333333333 2LDL TRUE
475 5000 -0.00952380952380952 2.175 3.629 2LDL TRUE
476 6000 0.00952380952380952 1.452 3.629 2LDL TRUE
477 7000 -0.2 1.452 3.629 2LDL TRUE
478 8000 -0.219047619047619 7.26 6.52933333333333 2LDL FALSE
479 9000 -0.104761904761905 7.26 4.84366666666667 2LDL FALSE
480 10000 -0.2 7.26 3.629 2LDL FALSE
481 1000 -0.0191389750587738 0 2.292 2LPA TRUE
482 2000 0.0857142857142857 0.913 3.38033333333333 2LPA TRUE
483 3000 -0.0765559002350953 3.651 3.199 2LPA FALSE
484 4000 0.0857142857142857 0.913 1.69233333333333 2LPA TRUE
485 5000 -0.0285714285714286 3.651 3.199 2LPA FALSE
486 6000 0.0857142857142857 0.913 3.199 2LPA TRUE
487 7000 0.0476190476190476 5.033 3.199 2LPA FALSE
488 8000 0.123809523809524 3.651 3.199 2LPA FALSE
489 9000 0.0285714285714286 0.913 3.199 2LPA TRUE
490 10000 -0.104761904761905 5.033 3.199 2LPA FALSE
491 1000 -0.180952380952381 7.903 6.69366666666667 1NC0 FALSE
492 2000 -0.0857142857142857 3.581 7.19 1NC0 FALSE
493 3000 0.0857142857142857 2.148 5.27166666666667 1NC0 TRUE
494 4000 0.104761904761905 5.03 5.027 1NC0 FALSE
495 5000 0.0476190476190476 2.148 6.71233333333333 1NC0 TRUE
496 6000 -0.0574169251763215 7.903 6.71233333333333 1NC0 FALSE
497 7000 0.104761904761905 7.903 5.027 1NC0 FALSE
498 8000 -0.0285714285714286 10.086 5.75466666666667 1NC0 FALSE
499 9000 -0.0666666666666667 10.086 5.75466666666667 1NC0 FALSE
500 10000 -0.0857142857142857 5.03 5.75466666666667 1NC0 FALSE
501 1000 -0.104761904761905 7.146 4.65466666666667 2LDT FALSE
502 2000 -0.0285714285714286 1.484 5.545 2LDT TRUE
503 3000 -0.104761904761905 8.005 8.58366666666667 2LDT FALSE
504 4000 -0.0666666666666667 6.212 6.41 2LDT FALSE
505 5000 -0.371428571428571 11.534 10.0676666666667 2LDT FALSE
506 6000 0.161904761904762 2.661 3.128 2LDT TRUE
507 7000 -0.0285714285714286 2.661 7.11 2LDT TRUE
508 8000 -0.0476190476190476 2.661 2.99566666666667 2LDT TRUE
509 9000 -0.257142857142857 2.661 7.11 2LDT TRUE
510 10000 -0.219047619047619 2.661 6.05566666666667 2LDT TRUE
511 1000 0.257142857142857 4.796 5.23833333333333 1OW9 FALSE
512 2000 0.466666666666667 0 1.391 1OW9 TRUE
513 3000 0.390476190476191 0 1.39666666666667 1OW9 TRUE
514 4000 0.40952380952381 0 1.16433333333333 1OW9 TRUE
515 5000 0.371428571428571 3.42 3.63966666666667 1OW9 FALSE
516 6000 0.447619047619048 0 1.39666666666667 1OW9 TRUE
517 7000 0.40952380952381 0 1.85533333333333 1OW9 TRUE
518 8000 0.40952380952381 0 1.39666666666667 1OW9 TRUE
519 9000 0.504761904761905 0 0.74 1OW9 TRUE
520 10000 0.428571428571429 0 1.85533333333333 1OW9 TRUE
521 1000 -0.0857142857142857 6.951 6.414 1YSV FALSE
522 2000 -0.123809523809524 4.615 6.92533333333333 1YSV FALSE
523 3000 -0.123809523809524 4.615 6.92533333333333 1YSV FALSE
524 4000 -0.0666666666666667 6.951 5.64666666666667 1YSV FALSE
525 5000 -0.123809523809524 6.951 7.704 1YSV FALSE
526 6000 -0.104761904761905 6.951 7.451 1YSV FALSE
527 7000 -0.2 6.951 5.64666666666667 1YSV FALSE
528 8000 -0.0285714285714286 6.951 5.64666666666667 1YSV FALSE
529 9000 -0.180952380952381 6.951 7.451 1YSV FALSE
530 10000 -0.142857142857143 6.951 5.14066666666667 1YSV FALSE
531 1000 0.104761904761905 2.473 1.82166666666667 2KOC TRUE
532 2000 0.219047619047619 3.992 2.32366666666667 2KOC FALSE
533 3000 0.314285714285714 1.979 2.328 2KOC TRUE
534 4000 0.295238095238095 1.013 2.49266666666667 2KOC TRUE
535 5000 0.352380952380952 1.013 1.82166666666667 2KOC TRUE
536 6000 0.314285714285714 1.013 2.186 2KOC TRUE
537 7000 0.219047619047619 1.013 2.186 2KOC TRUE
538 8000 0.180952380952381 1.013 2.677 2KOC TRUE
539 9000 0.295238095238095 1.013 2.186 2KOC TRUE
540 10000 0.2 1.013 2.186 2KOC TRUE
541 1000 0.161904761904762 0.93 4.21766666666667 2LHP TRUE
542 2000 -0.180952380952381 11.649 9.86233333333333 2LHP FALSE
543 3000 -0.2 4.807 6.09833333333333 2LHP FALSE
544 4000 -0.180952380952381 1.839 8.08433333333333 2LHP TRUE
545 5000 -0.0857142857142857 1.839 2.52533333333333 2LHP TRUE
546 6000 0.276190476190476 1.839 5.51 2LHP TRUE
547 7000 0.219047619047619 0.93 4.806 2LHP TRUE
548 8000 0.0666666666666667 1.839 3.29766666666667 2LHP TRUE
549 9000 0.161904761904762 1.839 5.88666666666667 2LHP TRUE
550 10000 0.161904761904762 0.93 4.806 2LHP TRUE
551 1000 0.362637362637363 2.421 3.073 2Y95 TRUE
552 2000 0.318681318681319 2.421 0.975333333333333 2Y95 TRUE
553 3000 0.384615384615385 2.421 1.62066666666667 2Y95 TRUE
554 4000 0.406593406593407 2.421 1.29066666666667 2Y95 TRUE
555 5000 0.384615384615385 2.421 0.975333333333333 2Y95 TRUE
556 6000 0.450549450549451 2.421 0.975333333333333 2Y95 TRUE
557 7000 0.406593406593407 2.421 0.975333333333333 2Y95 TRUE
558 8000 0.472527472527473 2.421 0.975333333333333 2Y95 TRUE
559 9000 0.472527472527473 2.421 0.975333333333333 2Y95 TRUE
560 10000 0.406593406593407 2.421 0.975333333333333 2Y95 TRUE
561 1000 0.340659340659341 6.192 3.36533333333333 1SCL FALSE
562 2000 0.450549450549451 1.248 3.66066666666667 1SCL TRUE
563 3000 0.406593406593407 1.248 3.66066666666667 1SCL TRUE
564 4000 0.406593406593407 2.656 3.66066666666667 1SCL TRUE
565 5000 0.450549450549451 1.248 3.66066666666667 1SCL TRUE
566 6000 0.472527472527473 1.248 1.894 1SCL TRUE
567 7000 0.450549450549451 1.248 1.30133333333333 1SCL TRUE
568 8000 0.450549450549451 1.248 1.30133333333333 1SCL TRUE
569 9000 0.428571428571429 1.248 1.894 1SCL TRUE
570 10000 0.472527472527473 1.248 1.30133333333333 1SCL TRUE
571 1000 -0.219047619047619 7.225 6.78733333333333 1Z2J FALSE
572 2000 -0.352380952380952 3.958 8.08733333333333 1Z2J FALSE
573 3000 -0.257142857142857 3.958 7.45833333333333 1Z2J FALSE
574 4000 -0.180952380952381 3.958 5.75766666666667 1Z2J FALSE
575 5000 0.161904761904762 0 3.34933333333333 1Z2J TRUE
576 6000 -0.276190476190476 6.09 6.409 1Z2J FALSE
577 7000 -0.219047619047619 3.958 5.73033333333333 1Z2J FALSE
578 8000 0.0285714285714286 3.958 8.08733333333333 1Z2J FALSE
579 9000 -0.0857142857142857 3.958 6.39833333333333 1Z2J FALSE
580 10000 0.0857142857142857 3.958 8.08733333333333 1Z2J FALSE
581 1000 0.164835164835165 7.745 8.13066666666667 2L3E FALSE
582 2000 0.164835164835165 7.745 5.27833333333333 2L3E FALSE
583 3000 0.164835164835165 7.745 5.27833333333333 2L3E FALSE
584 4000 0.296703296703297 7.745 4.425 2L3E FALSE
585 5000 0.318681318681319 5.53 4.425 2L3E FALSE
586 6000 0.142857142857143 5.53 8.13066666666667 2L3E FALSE
587 7000 0.142857142857143 7.745 4.425 2L3E FALSE
588 8000 0.142857142857143 7.745 8.13066666666667 2L3E FALSE
589 9000 0.120879120879121 7.745 5.27833333333333 2L3E FALSE
590 10000 0.252747252747253 7.745 5.27833333333333 2L3E FALSE
591 1000 0.390476190476191 2.848 3.33733333333333 2M24 TRUE
592 2000 0.485714285714286 0.877 1.24166666666667 2M24 TRUE
593 3000 0.371428571428571 2.848 3.29133333333333 2M24 TRUE
594 4000 0.466666666666667 2.848 2.88666666666667 2M24 TRUE
595 5000 0.371428571428571 2.091 1.93866666666667 2M24 TRUE
596 6000 0.447619047619048 0.877 2.88666666666667 2M24 TRUE
597 7000 0.40952380952381 4.935 3.29133333333333 2M24 FALSE
598 8000 0.466666666666667 2.848 1.93866666666667 2M24 TRUE
599 9000 0.390476190476191 2.848 2.88666666666667 2M24 TRUE
600 10000 0.390476190476191 2.848 2.88666666666667 2M24 TRUE
601 1000 0.272727272727273 17.745 9.74733333333333 2MHI FALSE
602 2000 -0.0909090909090909 17.745 13.0893333333333 2MHI FALSE
603 3000 -0.0545454545454545 17.745 13.8933333333333 2MHI FALSE
604 4000 -0.163636363636364 17.745 10.2486666666667 2MHI FALSE
605 5000 -0.236363636363636 11.497 13.4616666666667 2MHI FALSE
606 6000 -0.127272727272727 12.438 13.4616666666667 2MHI FALSE
607 7000 -0.0909090909090909 16.45 14.7403333333333 2MHI FALSE
608 8000 -0.272727272727273 16.45 15.5443333333333 2MHI FALSE
609 9000 -0.0181818181818182 16.45 11.3983333333333 2MHI FALSE
610 10000 -0.127272727272727 17.745 15.5443333333333 2MHI FALSE
611 1000 -0.00952380952380952 0 5.78966666666667 2N6S TRUE
612 2000 -0.238095238095238 5.528 6.09733333333333 2N6S FALSE
613 3000 -0.161904761904762 0.923 4.55766666666667 2N6S TRUE
614 4000 0.0476190476190476 0 1.83333333333333 2N6S TRUE
615 5000 0.161904761904762 0 2.15033333333333 2N6S TRUE
616 6000 -0.123809523809524 0 2.15033333333333 2N6S TRUE
617 7000 -0.0666666666666667 0 4.25466666666667 2N6S TRUE
618 8000 -0.0285714285714286 0.923 4.25466666666667 2N6S TRUE
619 9000 -0.00952380952380952 0.923 4.25466666666667 2N6S TRUE
620 10000 -0.104761904761905 0.923 3.95533333333333 2N6S TRUE
