state resid resname nucleus cs assigned actual
1 1 2 GUA C1' 93 92.9 92.702
2 1 2 GUA C2' 75.5 76 75.312
3 1 2 GUA C3' 73.4 72.2 73.165
4 1 2 GUA C4' 82.7 81.9 82.493
5 1 2 GUA C5' 66.5 65.5 65.933
6 1 2 GUA C8 137 136.2 137.04
7 1 2 GUA H1' 5.95 5.69 5.683
8 1 2 GUA H2' 4.59 4.51 4.432
9 1 2 GUA H3' 4.65 4.72 4.563
10 1 2 GUA H4' 4.6 4.53 4.453
11 1 2 GUA H5' 4.54 4.29 4.368
12 1 2 GUA H5'' 4.36 4.19 4.234
13 1 2 GUA H8 7.72 7.31 7.596
14 1 3 CYT C1' 93.8 93.8 93.573
15 1 3 CYT C2' 75.3 75.1 75.434
16 1 3 CYT C3' 72.1 72.1 72.925
17 1 3 CYT C4' 81.8 81.8 81.626
18 1 3 CYT C5 97.6 97.2 97.823
19 1 3 CYT C5' 64.2 64.6 64.873
20 1 3 CYT C6 140.8 141.7 141.305
21 1 3 CYT H1' 5.57 5.51 5.483
22 1 3 CYT H2' 4.59 4.33 4.371
23 1 3 CYT H3' 4.48 4.56 4.485
24 1 3 CYT H4' 4.49 4.39 4.37
25 1 3 CYT H5 5.34 5.3 5.344
26 1 3 CYT H5' 4.55 4.23 4.354
27 1 3 CYT H5'' 4.08 4.06 4.185
28 1 3 CYT H6 7.75 7.69 7.615
29 1 4 ADE C1' 93 93 92.651
30 1 4 ADE C2 153.1 153.7 154.065
31 1 4 ADE C2' 75.8 75.3 75.575
32 1 4 ADE C3' 72.9 73.4 73.535
33 1 4 ADE C4' 81.9 83.1 82.897
34 1 4 ADE C5' 65.2 66.5 66.335
35 1 4 ADE C8 139.4 140.3 140.676
36 1 4 ADE H1' 6.01 5.67 5.78
37 1 4 ADE H2 7.46 7.9 7.777
38 1 4 ADE H2' 4.65 4.62 4.477
39 1 4 ADE H3' 4.67 4.67 4.595
40 1 4 ADE H4' 4.54 4.43 4.449
41 1 4 ADE H5' 4.6 4.42 4.402
42 1 4 ADE H5'' 4.19 4.09 4.226
43 1 4 ADE H8 8.11 8.17 8.167
44 1 5 CYT C1' 93.8 94.5 93.779
45 1 5 CYT C2' 75.6 75.9 75.651
46 1 5 CYT C3' 72.1 72.9 72.891
47 1 5 CYT C4' 81.9 82.7 82.657
48 1 5 CYT C5 97.4 97.6 98.033
49 1 5 CYT C5' 65 65.2 65.749
50 1 5 CYT C6 140.3 141 141.138
51 1 5 CYT H1' 5.38 5.19 5.36
52 1 5 CYT H2' 4.39 4.27 4.283
53 1 5 CYT H3' 4.17 4.36 4.382
54 1 5 CYT H4' 4.43 4.48 4.378
55 1 5 CYT H5 5.23 5.38 5.468
56 1 5 CYT H5' 4.47 4.17 4.376
57 1 5 CYT H5'' 4.06 4.06 4.196
58 1 5 CYT H6 7.31 7.46 7.523
59 1 8 CYT C2' 77.7 76.7 76.346
60 1 8 CYT C3' 80.3 75 75.612
61 1 8 CYT C4' 84.5 84.5 84.324
62 1 8 CYT C5 98.6 99.7 99.241
63 1 8 CYT C5' 67.3 67.3 67.127
64 1 8 CYT C6 142.8 142.9 143.058
65 1 8 CYT H1' 5.99 5.86 5.776
66 1 8 CYT H2' 4.14 4.14 4.212
67 1 8 CYT H3' 4.51 4.59 4.473
68 1 8 CYT H4' 3.83 3.83 3.926
69 1 8 CYT H5 6.14 6.14 6.036
70 1 8 CYT H5' 3.65 3.65 3.859
71 1 8 CYT H5'' 2.73 3.8 3.902
72 1 8 CYT H6 7.72 7.79 7.751
73 1 9 GUA C1' 94.5 90.9 92.364
74 1 9 GUA C2' 77.4 75.8 75.838
75 1 9 GUA C3' 75.9 77.4 75.744
76 1 9 GUA C4' 83.2 83.7 84.003
77 1 9 GUA C5' 69 67.7 67.24
78 1 9 GUA C8 142.9 142.8 141.435
79 1 9 GUA H1' 6 5.95 5.877
80 1 9 GUA H2' 4.85 4.85 4.527
81 1 9 GUA H3' 5.67 4.98 5.115
82 1 9 GUA H4' 4.45 4.45 4.421
83 1 9 GUA H5' 4.44 4.47 4.378
84 1 9 GUA H5'' 4.23 4.21 4.231
85 1 9 GUA H8 7.9 8.11 8.004
86 1 10 GUA C1' 93.3 93 92.651
87 1 10 GUA C2' 75.1 74.7 75.146
88 1 10 GUA C3' 74.6 73.1 73.68
89 1 10 GUA C4' 83.1 83.4 82.947
90 1 10 GUA C5' 69.8 67.8 66.812
91 1 10 GUA C8 139 139 137.862
92 1 10 GUA H1' 4.47 5.23 5.375
93 1 10 GUA H2' 4.47 4.39 4.42
94 1 10 GUA H3' 4.29 4.65 4.523
95 1 10 GUA H4' 4.42 4.47 4.444
96 1 10 GUA H5' 4.23 4.43 4.377
97 1 10 GUA H5'' 4.53 4.19 4.308
98 1 10 GUA H8 8.35 8.05 7.919
99 1 12 GUA C1' 92.9 93 92.56
100 1 12 GUA C2' 75.5 75.7 75.43
101 1 12 GUA C3' 72.9 74.2 73.321
102 1 12 GUA C4' 81.9 82.4 82.549
103 1 12 GUA C5' 65.5 65.1 66.223
104 1 12 GUA C8 136.2 137 137.377
105 1 12 GUA H1' 5.87 5.79 5.655
106 1 12 GUA H2' 4.6 4.44 4.403
107 1 12 GUA H3' 4.62 4.7 4.546
108 1 12 GUA H4' 4.6 4.49 4.472
109 1 12 GUA H5' 4.56 4.17 4.355
110 1 12 GUA H5'' 4.17 4.17 4.263
111 1 12 GUA H8 7.79 7.85 7.791
112 1 13 CYT C1' 94.1 95.1 93.763
113 1 13 CYT C2' 75.7 75.5 75.371
114 1 13 CYT C3' 72.1 72.1 72.72
115 1 13 CYT C4' 81.9 80.3 81.485
116 1 13 CYT C5 97.2 98.4 98.007
117 1 13 CYT C5' 64.5 64 64.755
118 1 13 CYT C6 141 141.6 141.072
119 1 13 CYT H1' 5.51 5.57 5.516
120 1 13 CYT H2' 4.28 4.43 4.398
121 1 13 CYT H3' 4.45 4.39 4.442
122 1 13 CYT H4' 4.17 4.28 4.364
123 1 13 CYT H5 5.3 5.34 5.399
124 1 13 CYT H5' 4.59 4.23 4.374
125 1 13 CYT H5'' 4.09 4.06 4.163
126 1 13 CYT H6 7.69 7.69 7.613
127 2 2 GUA C1' 93 92.9 92.575
128 2 2 GUA C2' 75.5 75.3 75.384
129 2 2 GUA C3' 73.4 72.9 73.061
130 2 2 GUA C4' 82.7 81.8 82.536
131 2 2 GUA C5' 66.5 65.5 65.918
132 2 2 GUA C8 137 137 136.899
133 2 2 GUA H1' 5.95 5.69 5.651
134 2 2 GUA H2' 4.59 4.39 4.427
135 2 2 GUA H3' 4.65 4.56 4.525
136 2 2 GUA H4' 4.6 4.51 4.462
137 2 2 GUA H5' 4.54 4.23 4.348
138 2 2 GUA H5'' 4.36 4.06 4.233
139 2 2 GUA H8 7.72 7.31 7.53
140 2 3 CYT C1' 93.8 93.8 93.562
141 2 3 CYT C2' 75.3 76 75.722
142 2 3 CYT C3' 72.1 72.1 72.532
143 2 3 CYT C4' 81.8 83.1 82.503
144 2 3 CYT C5 97.6 97.2 97.158
145 2 3 CYT C5' 64.2 64 64.834
146 2 3 CYT C6 140.8 141.7 141.151
147 2 3 CYT H1' 5.57 5.38 5.479
148 2 3 CYT H2' 4.59 4.45 4.377
149 2 3 CYT H3' 4.48 4.72 4.621
150 2 3 CYT H4' 4.49 4.29 4.369
151 2 3 CYT H5 5.34 5.19 5.268
152 2 3 CYT H5' 4.55 4.09 4.315
153 2 3 CYT H5'' 4.08 4.17 4.221
154 2 3 CYT H6 7.75 7.69 7.653
155 2 4 ADE C1' 93 93.3 92.689
156 2 4 ADE C2 153.1 153.7 153.534
157 2 4 ADE C2' 75.8 75.4 75.556
158 2 4 ADE C3' 72.9 73.4 72.955
159 2 4 ADE C4' 81.9 81.9 82.373
160 2 4 ADE C5' 65.2 65.2 65.641
161 2 4 ADE C8 139.4 139.4 139.606
162 2 4 ADE H1' 6.01 6.14 5.81
163 2 4 ADE H2 7.46 7.18 7.456
164 2 4 ADE H2' 4.65 4.59 4.446
165 2 4 ADE H3' 4.67 4.85 4.588
166 2 4 ADE H4' 4.54 4.47 4.458
167 2 4 ADE H5' 4.6 4.62 4.412
168 2 4 ADE H5'' 4.19 4.19 4.254
169 2 4 ADE H8 8.11 8.05 8.014
170 2 5 CYT C1' 93.8 95.1 93.932
171 2 5 CYT C2' 75.6 75.1 75.405
172 2 5 CYT C3' 72.1 72.1 72.332
173 2 5 CYT C4' 81.9 82.7 82.334
174 2 5 CYT C5 97.4 97.6 97.577
175 2 5 CYT C5' 65 64.6 64.908
176 2 5 CYT C6 140.3 140.3 140.455
177 2 5 CYT H1' 5.38 5.51 5.468
178 2 5 CYT H2' 4.39 4.33 4.312
179 2 5 CYT H3' 4.17 4.42 4.393
180 2 5 CYT H4' 4.43 4.36 4.376
181 2 5 CYT H5 5.23 5.3 5.314
182 2 5 CYT H5' 4.47 4.06 4.293
183 2 5 CYT H5'' 4.06 4.14 4.223
184 2 5 CYT H6 7.31 7.46 7.507
185 2 8 CYT C1' 89.1 93 93.004
186 2 8 CYT C2' 77.7 75.9 75.869
187 2 8 CYT C3' 80.3 73.1 73.554
188 2 8 CYT C4' 84.5 83.7 83.128
189 2 8 CYT C5 98.6 99.7 99.087
190 2 8 CYT C5' 67.3 66.5 65.838
191 2 8 CYT C6 142.8 142.8 142.58
192 2 8 CYT H1' 5.99 5.57 5.581
193 2 8 CYT H2' 4.14 4.17 4.334
194 2 8 CYT H3' 4.51 4.49 4.519
195 2 8 CYT H4' 3.83 4.43 4.365
196 2 8 CYT H5 6.14 5.79 5.823
197 2 8 CYT H5' 3.65 3.83 4.361
198 2 8 CYT H5'' 2.73 4.21 4.24
199 2 8 CYT H6 7.72 7.9 7.855
200 2 9 GUA C1' 94.5 90.9 92.171
201 2 9 GUA C2' 77.4 76.7 75.9
202 2 9 GUA C3' 75.9 74.2 73.789
203 2 9 GUA C4' 83.2 83.2 82.912
204 2 9 GUA C5' 69 67.3 66.396
205 2 9 GUA C8 142.9 139 138.291
206 2 9 GUA H1' 6 5.86 5.7
207 2 9 GUA H2' 4.85 4.43 4.434
208 2 9 GUA H3' 5.67 4.7 4.583
209 2 9 GUA H4' 4.45 4.45 4.44
210 2 9 GUA H5' 4.44 4.44 4.367
211 2 9 GUA H5'' 4.23 4.23 4.268
212 2 9 GUA H8 7.9 7.85 7.819
213 2 10 GUA C1' 93.3 93 92.716
214 2 10 GUA C2' 75.1 74.7 75.272
215 2 10 GUA C3' 74.6 74.6 73.585
216 2 10 GUA C4' 83.1 83.4 82.773
217 2 10 GUA C5' 69.8 67.7 66.196
218 2 10 GUA C8 139 139 137.952
219 2 10 GUA H1' 4.47 5.57 5.55
220 2 10 GUA H2' 4.47 4.46 4.431
221 2 10 GUA H3' 4.29 4.67 4.5
222 2 10 GUA H4' 4.42 4.39 4.388
223 2 10 GUA H5' 4.23 4.28 4.364
224 2 10 GUA H5'' 4.53 4.27 4.305
225 2 10 GUA H8 8.35 8.11 7.919
226 2 12 GUA C1' 92.9 93 92.595
227 2 12 GUA C2' 75.5 75 75.493
228 2 12 GUA C3' 72.9 72.9 73.211
229 2 12 GUA C4' 81.9 82.4 82.497
230 2 12 GUA C5' 65.5 65.1 65.905
231 2 12 GUA C8 136.2 136.2 136.966
232 2 12 GUA H1' 5.87 5.67 5.639
233 2 12 GUA H2' 4.6 4.43 4.395
234 2 12 GUA H3' 4.62 4.65 4.507
235 2 12 GUA H4' 4.6 4.48 4.478
236 2 12 GUA H5' 4.56 4.17 4.285
237 2 12 GUA H5'' 4.17 4.08 4.252
238 2 12 GUA H8 7.79 7.69 7.76
239 2 13 CYT C1' 94.1 94.5 93.931
240 2 13 CYT C2' 75.7 75.8 75.537
241 2 13 CYT C3' 72.1 72.1 72.202
242 2 13 CYT C4' 81.9 80.3 82.088
243 2 13 CYT C5 97.2 97.4 97.087
244 2 13 CYT C5' 64.5 64.2 64.567
245 2 13 CYT C6 141 140.8 140.867
246 2 13 CYT H1' 5.51 5.59 5.478
247 2 13 CYT H2' 4.28 4.19 4.311
248 2 13 CYT H3' 4.45 4.65 4.521
249 2 13 CYT H4' 4.17 4.39 4.378
250 2 13 CYT H5 5.3 5.34 5.306
251 2 13 CYT H5' 4.59 4.09 4.307
252 2 13 CYT H5'' 4.09 4.07 4.203
253 2 13 CYT H6 7.69 7.72 7.639
254 3 2 GUA C1' 93 92.9 92.637
255 3 2 GUA C2' 75.5 75.3 75.454
256 3 2 GUA C3' 73.4 73.4 73.058
257 3 2 GUA C4' 82.7 81.8 82.452
258 3 2 GUA C5' 66.5 66.5 65.761
259 3 2 GUA C8 137 136.2 136.787
260 3 2 GUA H1' 5.95 5.69 5.64
261 3 2 GUA H2' 4.59 4.33 4.401
262 3 2 GUA H3' 4.65 4.56 4.545
263 3 2 GUA H4' 4.6 4.51 4.456
264 3 2 GUA H5' 4.54 4.39 4.329
265 3 2 GUA H5'' 4.36 4.06 4.208
266 3 2 GUA H8 7.72 7.46 7.548
267 3 3 CYT C1' 93.8 93.8 93.657
268 3 3 CYT C2' 75.3 76 75.531
269 3 3 CYT C3' 72.1 72.1 72.552
270 3 3 CYT C4' 81.8 81.9 82.295
271 3 3 CYT C5 97.6 97.2 97.206
272 3 3 CYT C5' 64.2 64 64.628
273 3 3 CYT C6 140.8 140.3 140.846
274 3 3 CYT H1' 5.57 5.51 5.468
275 3 3 CYT H2' 4.59 4.47 4.417
276 3 3 CYT H3' 4.48 4.65 4.571
277 3 3 CYT H4' 4.49 4.29 4.372
278 3 3 CYT H5 5.34 5.19 5.276
279 3 3 CYT H5' 4.55 4.23 4.29
280 3 3 CYT H5'' 4.08 4.17 4.209
281 3 3 CYT H6 7.75 7.69 7.661
282 3 4 ADE C1' 93 93 92.626
283 3 4 ADE C2 153.1 153.7 153.753
284 3 4 ADE C2' 75.8 75.4 75.61
285 3 4 ADE C3' 72.9 72.2 73.243
286 3 4 ADE C4' 81.9 82.4 82.54
287 3 4 ADE C5' 65.2 64.6 65.503
288 3 4 ADE C8 139.4 139.4 139.524
289 3 4 ADE H1' 6.01 5.79 5.792
290 3 4 ADE H2 7.46 7.31 7.457
291 3 4 ADE H2' 4.65 4.67 4.518
292 3 4 ADE H3' 4.67 4.72 4.612
293 3 4 ADE H4' 4.54 4.42 4.459
294 3 4 ADE H5' 4.6 4.59 4.373
295 3 4 ADE H5'' 4.19 4.19 4.264
296 3 4 ADE H8 8.11 8.05 8.039
297 3 5 CYT C1' 93.8 93.3 93.213
298 3 5 CYT C2' 75.6 75.8 75.652
299 3 5 CYT C3' 72.1 72.9 73.082
300 3 5 CYT C4' 81.9 84.5 83.098
301 3 5 CYT C5 97.4 98.4 98.084
302 3 5 CYT C5' 65 65.5 65.679
303 3 5 CYT C6 140.3 141.7 141.358
304 3 5 CYT H1' 5.38 5.38 5.478
305 3 5 CYT H2' 4.39 4.23 4.295
306 3 5 CYT H3' 4.17 4.36 4.402
307 3 5 CYT H4' 4.43 4.43 4.375
308 3 5 CYT H5 5.23 5.3 5.31
309 3 5 CYT H5' 4.47 4.46 4.353
310 3 5 CYT H5'' 4.06 4.09 4.186
311 3 5 CYT H6 7.31 7.69 7.616
312 3 8 CYT C1' 89.1 93 92.876
313 3 8 CYT C2' 77.7 76.7 76.194
314 3 8 CYT C3' 80.3 74.2 74.515
315 3 8 CYT C4' 84.5 83.7 83.269
316 3 8 CYT C5 98.6 98.9 98.417
317 3 8 CYT C5' 67.3 65.2 65.702
318 3 8 CYT C6 142.8 142.8 142.143
319 3 8 CYT H1' 5.99 5.67 5.666
320 3 8 CYT H2' 4.14 4.06 4.242
321 3 8 CYT H3' 4.51 4.45 4.419
322 3 8 CYT H4' 3.83 4.28 4.29
323 3 8 CYT H5 6.14 6.14 5.993
324 3 8 CYT H5' 3.65 4.39 4.342
325 3 8 CYT H5'' 2.73 3.83 4.021
326 3 8 CYT H6 7.72 7.79 7.747
327 3 9 GUA C1' 94.5 90.9 92.056
328 3 9 GUA C2' 77.4 75.9 75.859
329 3 9 GUA C3' 75.9 72.9 73.314
330 3 9 GUA C4' 83.2 83.4 82.988
331 3 9 GUA C5' 69 67.8 66.647
332 3 9 GUA C8 142.9 139 137.57
333 3 9 GUA H1' 6 5.57 5.639
334 3 9 GUA H2' 4.85 4.49 4.4
335 3 9 GUA H3' 5.67 4.85 4.652
336 3 9 GUA H4' 4.45 4.44 4.43
337 3 9 GUA H5' 4.44 4.43 4.401
338 3 9 GUA H5'' 4.23 4.17 4.267
339 3 9 GUA H8 7.9 7.72 7.661
340 3 10 GUA C1' 93.3 93.8 92.971
341 3 10 GUA C2' 75.1 75 75.213
342 3 10 GUA C3' 74.6 74.6 73.935
343 3 10 GUA C4' 83.1 83.2 82.827
344 3 10 GUA C5' 69.8 67.3 66.183
345 3 10 GUA C8 139 139 137.727
346 3 10 GUA H1' 4.47 4.98 5.164
347 3 10 GUA H2' 4.47 4.65 4.427
348 3 10 GUA H3' 4.29 4.62 4.494
349 3 10 GUA H4' 4.42 4.51 4.514
350 3 10 GUA H5' 4.23 4.27 4.399
351 3 10 GUA H5'' 4.53 4.19 4.27
352 3 10 GUA H8 8.35 7.9 7.78
353 3 12 GUA C1' 92.9 93 92.53
354 3 12 GUA C2' 75.5 75.5 75.396
355 3 12 GUA C3' 72.9 73.1 73.414
356 3 12 GUA C4' 81.9 82.7 82.584
357 3 12 GUA C5' 65.5 67.7 66.188
358 3 12 GUA C8 136.2 137 137.028
359 3 12 GUA H1' 5.87 5.59 5.647
360 3 12 GUA H2' 4.6 4.45 4.413
361 3 12 GUA H3' 4.62 4.7 4.533
362 3 12 GUA H4' 4.6 4.48 4.47
363 3 12 GUA H5' 4.56 4.17 4.337
364 3 12 GUA H5'' 4.17 4.14 4.242
365 3 12 GUA H8 7.79 7.85 7.75
366 3 13 CYT C1' 94.1 94.5 93.862
367 3 13 CYT C2' 75.7 75.1 75.298
368 3 13 CYT C3' 72.1 72.1 72.456
369 3 13 CYT C4' 81.9 80.3 82.16
370 3 13 CYT C5 97.2 97.4 97.071
371 3 13 CYT C5' 64.5 64.2 64.696
372 3 13 CYT C6 141 141 140.964
373 3 13 CYT H1' 5.51 5.34 5.464
374 3 13 CYT H2' 4.28 4.17 4.349
375 3 13 CYT H3' 4.45 4.39 4.46
376 3 13 CYT H4' 4.17 4.43 4.371
377 3 13 CYT H5 5.3 5.23 5.278
378 3 13 CYT H5' 4.59 4.21 4.341
379 3 13 CYT H5'' 4.09 4.06 4.186
380 3 13 CYT H6 7.69 7.72 7.635
381 4 2 GUA C1' 93 92.9 92.627
382 4 2 GUA C2' 75.5 75 75.325
383 4 2 GUA C3' 73.4 73.4 73.126
384 4 2 GUA C4' 82.7 81.8 82.514
385 4 2 GUA C5' 66.5 65.5 65.759
386 4 2 GUA C8 137 136.2 136.719
387 4 2 GUA H1' 5.95 5.67 5.642
388 4 2 GUA H2' 4.59 4.42 4.421
389 4 2 GUA H3' 4.65 4.56 4.556
390 4 2 GUA H4' 4.6 4.47 4.454
391 4 2 GUA H5' 4.54 4.29 4.322
392 4 2 GUA H5'' 4.36 4.06 4.227
393 4 2 GUA H8 7.72 7.18 7.527
394 4 3 CYT C1' 93.8 93.8 93.607
395 4 3 CYT C2' 75.3 75.5 75.526
396 4 3 CYT C3' 72.1 72.1 72.615
397 4 3 CYT C4' 81.8 81.9 82.327
398 4 3 CYT C5 97.6 97.2 97.149
399 4 3 CYT C5' 64.2 65 65.058
400 4 3 CYT C6 140.8 141.7 141.131
401 4 3 CYT H1' 5.57 5.51 5.466
402 4 3 CYT H2' 4.59 4.51 4.403
403 4 3 CYT H3' 4.48 4.65 4.551
404 4 3 CYT H4' 4.49 4.36 4.368
405 4 3 CYT H5 5.34 5.19 5.246
406 4 3 CYT H5' 4.55 4.39 4.334
407 4 3 CYT H5'' 4.08 4.09 4.205
408 4 3 CYT H6 7.75 7.69 7.668
409 4 4 ADE C1' 93 93 92.572
410 4 4 ADE C2 153.1 155.1 154.488
411 4 4 ADE C2' 75.8 75.7 75.574
412 4 4 ADE C3' 72.9 72.9 72.949
413 4 4 ADE C4' 81.9 82.7 82.439
414 4 4 ADE C5' 65.2 64 65.335
415 4 4 ADE C8 139.4 139 139.232
416 4 4 ADE H1' 6.01 5.86 5.772
417 4 4 ADE H2 7.46 7.9 7.71
418 4 4 ADE H2' 4.65 4.59 4.449
419 4 4 ADE H3' 4.67 4.67 4.578
420 4 4 ADE H4' 4.54 4.44 4.445
421 4 4 ADE H5' 4.6 4.98 4.4
422 4 4 ADE H5'' 4.19 4.23 4.238
423 4 4 ADE H8 8.11 8.05 7.958
424 4 5 CYT C1' 93.8 94.5 93.819
425 4 5 CYT C2' 75.6 76 75.605
426 4 5 CYT C3' 72.1 72.2 72.827
427 4 5 CYT C4' 81.9 82.4 82.591
428 4 5 CYT C5 97.4 97.4 97.335
429 4 5 CYT C5' 65 65.2 65.525
430 4 5 CYT C6 140.3 141 140.948
431 4 5 CYT H1' 5.38 5.38 5.417
432 4 5 CYT H2' 4.39 4.17 4.298
433 4 5 CYT H3' 4.17 4.39 4.377
434 4 5 CYT H4' 4.43 4.33 4.374
435 4 5 CYT H5 5.23 5.34 5.348
436 4 5 CYT H5' 4.47 4.21 4.31
437 4 5 CYT H5'' 4.06 4.06 4.2
438 4 5 CYT H6 7.31 7.46 7.469
439 4 8 CYT C1' 89.1 89.3 90.515
440 4 8 CYT C2' 77.7 76.7 76.109
441 4 8 CYT C3' 80.3 74.6 74.951
442 4 8 CYT C4' 84.5 84.5 83.523
443 4 8 CYT C5 98.6 99.7 100.346
444 4 8 CYT C5' 67.3 66.5 66.548
445 4 8 CYT C6 142.8 142.9 143.259
446 4 8 CYT H1' 5.99 5.79 5.782
447 4 8 CYT H2' 4.14 4.19 4.335
448 4 8 CYT H3' 4.51 4.62 4.522
449 4 8 CYT H4' 3.83 4.43 4.389
450 4 8 CYT H5 6.14 5.89 5.837
451 4 8 CYT H5' 3.65 3.83 4.196
452 4 8 CYT H5'' 2.73 4.19 4.263
453 4 8 CYT H6 7.72 7.79 7.804
454 4 9 GUA C1' 94.5 90.9 92.163
455 4 9 GUA C2' 77.4 75.3 75.618
456 4 9 GUA C3' 75.9 74.2 73.729
457 4 9 GUA C4' 83.2 83.7 82.95
458 4 9 GUA C5' 69 67.3 66.046
459 4 9 GUA C8 142.9 139.4 138.773
460 4 9 GUA H1' 6 5.69 5.682
461 4 9 GUA H2' 4.85 4.85 4.566
462 4 9 GUA H3' 5.67 4.72 4.568
463 4 9 GUA H4' 4.45 4.46 4.491
464 4 9 GUA H5' 4.44 4.43 4.38
465 4 9 GUA H5'' 4.23 4.14 4.268
466 4 9 GUA H8 7.9 8.17 8.154
467 4 10 GUA C1' 93.3 93 92.526
468 4 10 GUA C2' 75.1 75.8 75.726
469 4 10 GUA C3' 74.6 73.1 73.591
470 4 10 GUA C4' 83.1 83.4 82.875
471 4 10 GUA C5' 69.8 65.1 66.053
472 4 10 GUA C8 139 139 137.471
473 4 10 GUA H1' 4.47 5.57 5.656
474 4 10 GUA H2' 4.47 4.49 4.401
475 4 10 GUA H3' 4.29 4.61 4.552
476 4 10 GUA H4' 4.42 4.45 4.464
477 4 10 GUA H5' 4.23 4.47 4.379
478 4 10 GUA H5'' 4.53 4.23 4.276
479 4 10 GUA H8 8.35 7.31 7.601
480 4 12 GUA C1' 92.9 93 92.588
481 4 12 GUA C2' 75.5 75.1 75.448
482 4 12 GUA C3' 72.9 72.9 73.34
483 4 12 GUA C4' 81.9 83.2 82.587
484 4 12 GUA C5' 65.5 67.7 66.51
485 4 12 GUA C8 136.2 137 136.99
486 4 12 GUA H1' 5.87 5.59 5.643
487 4 12 GUA H2' 4.6 4.45 4.416
488 4 12 GUA H3' 4.62 4.7 4.548
489 4 12 GUA H4' 4.6 4.43 4.472
490 4 12 GUA H5' 4.56 4.09 4.324
491 4 12 GUA H5'' 4.17 4.17 4.236
492 4 12 GUA H8 7.79 7.72 7.724
493 4 13 CYT C1' 94.1 93.3 93.691
494 4 13 CYT C2' 75.7 75.9 75.82
495 4 13 CYT C3' 72.1 72.1 72.627
496 4 13 CYT C4' 81.9 81.9 82.472
497 4 13 CYT C5 97.2 97.6 97.316
498 4 13 CYT C5' 64.5 64.6 64.861
499 4 13 CYT C6 141 141.6 141.108
500 4 13 CYT H1' 5.51 5.57 5.513
501 4 13 CYT H2' 4.28 4.28 4.269
502 4 13 CYT H3' 4.45 4.48 4.475
503 4 13 CYT H4' 4.17 4.39 4.371
504 4 13 CYT H5 5.3 5.23 5.314
505 4 13 CYT H5' 4.59 4.27 4.356
506 4 13 CYT H5'' 4.09 4.06 4.182
507 4 13 CYT H6 7.69 7.69 7.628
508 5 2 GUA C1' 93 92.9 92.678
509 5 2 GUA C2' 75.5 75.3 75.509
510 5 2 GUA C3' 73.4 72.2 73.081
511 5 2 GUA C4' 82.7 82.4 82.484
512 5 2 GUA C5' 66.5 65.5 65.837
513 5 2 GUA C8 137 136.2 136.791
514 5 2 GUA H1' 5.95 5.69 5.649
515 5 2 GUA H2' 4.59 4.33 4.396
516 5 2 GUA H3' 4.65 4.59 4.525
517 5 2 GUA H4' 4.6 4.51 4.461
518 5 2 GUA H5' 4.54 4.29 4.326
519 5 2 GUA H5'' 4.36 4.14 4.238
520 5 2 GUA H8 7.72 7.31 7.549
521 5 3 CYT C1' 93.8 94.5 93.699
522 5 3 CYT C2' 75.3 76 75.605
523 5 3 CYT C3' 72.1 72.1 72.547
524 5 3 CYT C4' 81.8 81.9 82.337
525 5 3 CYT C5 97.6 97.2 97.254
526 5 3 CYT C5' 64.2 65 64.804
527 5 3 CYT C6 140.8 141 140.894
528 5 3 CYT H1' 5.57 5.51 5.464
529 5 3 CYT H2' 4.59 4.39 4.399
530 5 3 CYT H3' 4.48 4.62 4.55
531 5 3 CYT H4' 4.49 4.36 4.37
532 5 3 CYT H5 5.34 5.19 5.282
533 5 3 CYT H5' 4.55 4.19 4.322
534 5 3 CYT H5'' 4.08 4.06 4.178
535 5 3 CYT H6 7.75 7.69 7.653
536 5 4 ADE C1' 93 93.3 92.71
537 5 4 ADE C2 153.1 153.7 153.778
538 5 4 ADE C2' 75.8 75.7 75.582
539 5 4 ADE C3' 72.9 72.9 73.147
540 5 4 ADE C4' 81.9 81.8 82.364
541 5 4 ADE C5' 65.2 65.2 65.714
542 5 4 ADE C8 139.4 139 139.509
543 5 4 ADE H1' 6.01 5.79 5.817
544 5 4 ADE H2 7.46 7.18 7.473
545 5 4 ADE H2' 4.65 4.56 4.436
546 5 4 ADE H3' 4.67 4.67 4.623
547 5 4 ADE H4' 4.54 4.47 4.455
548 5 4 ADE H5' 4.6 4.45 4.378
549 5 4 ADE H5'' 4.19 4.09 4.242
550 5 4 ADE H8 8.11 8.05 8.043
551 5 5 CYT C1' 93.8 93.8 93.605
552 5 5 CYT C2' 75.6 75.1 75.448
553 5 5 CYT C3' 72.1 69.8 72.07
554 5 5 CYT C4' 81.9 80.3 82.041
555 5 5 CYT C5 97.4 97.6 97.718
556 5 5 CYT C5' 65 64 64.388
557 5 5 CYT C6 140.3 140.3 140.744
558 5 5 CYT H1' 5.38 5.3 5.46
559 5 5 CYT H2' 4.39 4.17 4.282
560 5 5 CYT H3' 4.17 4.42 4.451
561 5 5 CYT H4' 4.43 4.46 4.399
562 5 5 CYT H5 5.23 5.38 5.38
563 5 5 CYT H5' 4.47 4.23 4.308
564 5 5 CYT H5'' 4.06 4.06 4.177
565 5 5 CYT H6 7.31 7.46 7.577
566 5 8 CYT C1' 89.1 90.9 91.329
567 5 8 CYT C2' 77.7 76.7 76.268
568 5 8 CYT C3' 80.3 74.6 75.332
569 5 8 CYT C4' 84.5 84.5 83.097
570 5 8 CYT C5 98.6 99.7 100.22
571 5 8 CYT C5' 67.3 66.5 66.427
572 5 8 CYT C6 142.8 142.9 143.266
573 5 8 CYT H1' 5.99 5.57 5.636
574 5 8 CYT H2' 4.14 4.23 4.257
575 5 8 CYT H3' 4.51 4.54 4.503
576 5 8 CYT H4' 3.83 4.39 4.458
577 5 8 CYT H5 6.14 6.14 5.968
578 5 8 CYT H5' 3.65 4.6 4.402
579 5 8 CYT H5'' 2.73 3.83 4.158
580 5 8 CYT H6 7.72 7.85 7.799
581 5 9 GUA C1' 94.5 93 92.313
582 5 9 GUA C2' 77.4 75.8 75.78
583 5 9 GUA C3' 75.9 74.2 74.679
584 5 9 GUA C4' 83.2 83.4 82.68
585 5 9 GUA C5' 69 67.8 67.713
586 5 9 GUA C8 142.9 139.4 139.948
587 5 9 GUA H1' 6 5.86 5.766
588 5 9 GUA H2' 4.85 4.49 4.437
589 5 9 GUA H3' 5.67 4.85 4.776
590 5 9 GUA H4' 4.45 4.44 4.429
591 5 9 GUA H5' 4.44 4.72 4.672
592 5 9 GUA H5'' 4.23 4.21 4.258
593 5 9 GUA H8 7.9 8.11 7.858
594 5 10 GUA C1' 93.3 93 92.51
595 5 10 GUA C2' 75.1 74.7 75.058
596 5 10 GUA C3' 74.6 73.4 73.662
597 5 10 GUA C4' 83.1 83.7 82.965
598 5 10 GUA C5' 69.8 67.3 66.424
599 5 10 GUA C8 139 139 137.216
600 5 10 GUA H1' 4.47 4.98 5.114
601 5 10 GUA H2' 4.47 4.43 4.405
602 5 10 GUA H3' 4.29 4.65 4.469
603 5 10 GUA H4' 4.42 4.43 4.393
604 5 10 GUA H5' 4.23 4.27 4.338
605 5 10 GUA H5'' 4.53 4.17 4.277
606 5 10 GUA H8 8.35 7.9 7.773
607 5 12 GUA C1' 92.9 93 92.511
608 5 12 GUA C2' 75.5 75.4 75.503
609 5 12 GUA C3' 72.9 73.1 73.245
610 5 12 GUA C4' 81.9 82.7 82.498
611 5 12 GUA C5' 65.5 65.1 65.746
612 5 12 GUA C8 136.2 137 137.034
613 5 12 GUA H1' 5.87 5.67 5.646
614 5 12 GUA H2' 4.6 4.48 4.391
615 5 12 GUA H3' 4.62 4.7 4.508
616 5 12 GUA H4' 4.6 4.45 4.476
617 5 12 GUA H5' 4.56 4.08 4.29
618 5 12 GUA H5'' 4.17 4.19 4.249
619 5 12 GUA H8 7.79 7.72 7.742
620 5 13 CYT C1' 94.1 94.1 93.893
621 5 13 CYT C2' 75.7 75.9 75.526
622 5 13 CYT C3' 72.1 72.1 72.238
623 5 13 CYT C4' 81.9 81.9 82.07
624 5 13 CYT C5 97.2 97.4 97.096
625 5 13 CYT C5' 64.5 64.2 64.525
626 5 13 CYT C6 141 141.6 140.885
627 5 13 CYT H1' 5.51 5.34 5.479
628 5 13 CYT H2' 4.28 4.28 4.32
629 5 13 CYT H3' 4.45 4.43 4.454
630 5 13 CYT H4' 4.17 4.39 4.379
631 5 13 CYT H5 5.3 5.23 5.296
632 5 13 CYT H5' 4.59 4.06 4.294
633 5 13 CYT H5'' 4.09 4.07 4.231
634 5 13 CYT H6 7.69 7.69 7.629
635 6 2 GUA C1' 93 92.9 92.258
636 6 2 GUA C2' 75.5 76 75.744
637 6 2 GUA C3' 73.4 72.1 72.954
638 6 2 GUA C4' 82.7 82.4 82.627
639 6 2 GUA C5' 66.5 67.3 66.144
640 6 2 GUA C8 137 139 137.793
641 6 2 GUA H1' 5.95 5.51 5.626
642 6 2 GUA H2' 4.59 4.39 4.383
643 6 2 GUA H3' 4.65 4.72 4.609
644 6 2 GUA H4' 4.6 4.51 4.466
645 6 2 GUA H5' 4.54 4.36 4.349
646 6 2 GUA H5'' 4.36 4.06 4.269
647 6 2 GUA H8 7.72 7.9 7.811
648 6 3 CYT C1' 93.8 93.8 93.489
649 6 3 CYT C2' 75.3 75.3 75.628
650 6 3 CYT C3' 72.1 72.9 73.062
651 6 3 CYT C4' 81.8 82.7 82.729
652 6 3 CYT C5 97.6 99.7 99.486
653 6 3 CYT C5' 64.2 65.5 65.345
654 6 3 CYT C6 140.8 141.7 141.771
655 6 3 CYT H1' 5.57 5.19 5.344
656 6 3 CYT H2' 4.59 4.19 4.324
657 6 3 CYT H3' 4.48 4.59 4.546
658 6 3 CYT H4' 4.49 4.33 4.349
659 6 3 CYT H5 5.34 5.79 5.768
660 6 3 CYT H5' 4.55 3.83 4.334
661 6 3 CYT H5'' 4.08 4.17 4.272
662 6 3 CYT H6 7.75 7.69 7.701
663 6 4 ADE C1' 93 93 92.613
664 6 4 ADE C2 153.1 153.7 154.225
665 6 4 ADE C2' 75.8 75.5 75.67
666 6 4 ADE C3' 72.9 72.2 73.112
667 6 4 ADE C4' 81.9 81.8 82.461
668 6 4 ADE C5' 65.2 65 65.928
669 6 4 ADE C8 139.4 139.4 139.808
670 6 4 ADE H1' 6.01 5.67 5.734
671 6 4 ADE H2 7.46 7.31 7.736
672 6 4 ADE H2' 4.65 4.53 4.412
673 6 4 ADE H3' 4.67 4.85 4.623
674 6 4 ADE H4' 4.54 4.48 4.461
675 6 4 ADE H5' 4.6 4.98 4.62
676 6 4 ADE H5'' 4.19 4.23 4.251
677 6 4 ADE H8 8.11 8.05 8.024
678 6 5 CYT C1' 93.8 94.5 93.907
679 6 5 CYT C2' 75.6 75.1 75.394
680 6 5 CYT C3' 72.1 72.1 72.629
681 6 5 CYT C4' 81.9 81.9 82.364
682 6 5 CYT C5 97.4 97.6 97.621
683 6 5 CYT C5' 65 64.6 64.994
684 6 5 CYT C6 140.3 141 140.885
685 6 5 CYT H1' 5.38 5.38 5.411
686 6 5 CYT H2' 4.39 4.43 4.331
687 6 5 CYT H3' 4.17 4.42 4.398
688 6 5 CYT H4' 4.43 4.39 4.386
689 6 5 CYT H5 5.23 5.23 5.353
690 6 5 CYT H5' 4.47 4.28 4.358
691 6 5 CYT H5'' 4.06 4.09 4.193
692 6 5 CYT H6 7.31 7.46 7.517
693 6 8 CYT C1' 89.1 93.3 92.994
694 6 8 CYT C2' 77.7 75.9 75.856
695 6 8 CYT C3' 80.3 74.2 73.522
696 6 8 CYT C4' 84.5 83.7 83.319
697 6 8 CYT C5 98.6 98.9 99.063
698 6 8 CYT C5' 67.3 65.2 65.34
699 6 8 CYT C6 142.8 142.8 142.266
700 6 8 CYT H1' 5.99 5.57 5.557
701 6 8 CYT H2' 4.14 4.29 4.335
702 6 8 CYT H3' 4.51 4.62 4.509
703 6 8 CYT H4' 3.83 4.43 4.368
704 6 8 CYT H5 6.14 5.59 5.557
705 6 8 CYT H5' 3.65 4.45 4.366
706 6 8 CYT H5'' 2.73 4.06 4.201
707 6 8 CYT H6 7.72 7.69 7.704
708 6 9 GUA C1' 94.5 90.9 92.173
709 6 9 GUA C2' 77.4 75.8 75.763
710 6 9 GUA C3' 75.9 73.4 73.787
711 6 9 GUA C4' 83.2 83.1 83.018
712 6 9 GUA C5' 69 65.1 66.034
713 6 9 GUA C8 142.9 137 138.058
714 6 9 GUA H1' 6 5.86 5.654
715 6 9 GUA H2' 4.85 4.47 4.446
716 6 9 GUA H3' 5.67 4.65 4.616
717 6 9 GUA H4' 4.45 4.44 4.452
718 6 9 GUA H5' 4.44 4.17 4.334
719 6 9 GUA H5'' 4.23 4.14 4.231
720 6 9 GUA H8 7.9 7.72 7.805
721 6 10 GUA C1' 93.3 93 92.714
722 6 10 GUA C2' 75.1 75 75.261
723 6 10 GUA C3' 74.6 74.6 73.72
724 6 10 GUA C4' 83.1 83.2 82.858
725 6 10 GUA C5' 69.8 67.7 66.228
726 6 10 GUA C8 139 136.2 138.079
727 6 10 GUA H1' 4.47 5.3 5.373
728 6 10 GUA H2' 4.47 4.45 4.417
729 6 10 GUA H3' 4.29 4.65 4.506
730 6 10 GUA H4' 4.42 4.47 4.448
731 6 10 GUA H5' 4.23 4.43 4.393
732 6 10 GUA H5'' 4.53 4.27 4.287
733 6 10 GUA H8 8.35 7.85 7.828
734 6 12 GUA C1' 92.9 89.3 92.168
735 6 12 GUA C2' 75.5 75.7 75.882
736 6 12 GUA C3' 72.9 74.7 74.689
737 6 12 GUA C4' 81.9 83.4 83.074
738 6 12 GUA C5' 65.5 67.8 66.365
739 6 12 GUA C8 136.2 139 138.647
740 6 12 GUA H1' 5.87 5.69 5.77
741 6 12 GUA H2' 4.6 4.23 4.328
742 6 12 GUA H3' 4.62 4.7 4.673
743 6 12 GUA H4' 4.6 4.56 4.545
744 6 12 GUA H5' 4.56 4.19 4.314
745 6 12 GUA H5'' 4.17 4.09 4.251
746 6 12 GUA H8 7.79 8.11 7.816
747 6 13 CYT C1' 94.1 93 92.463
748 6 13 CYT C2' 75.7 76.7 75.969
749 6 13 CYT C3' 72.1 73.1 73.455
750 6 13 CYT C4' 81.9 84.5 83.104
751 6 13 CYT C5 97.2 97.2 97.047
752 6 13 CYT C5' 64.5 66.5 66.12
753 6 13 CYT C6 141 142.9 142.906
754 6 13 CYT H1' 5.51 5.57 5.529
755 6 13 CYT H2' 4.28 4.21 4.293
756 6 13 CYT H3' 4.45 4.67 4.539
757 6 13 CYT H4' 4.17 4.39 4.367
758 6 13 CYT H5 5.3 5.34 5.473
759 6 13 CYT H5' 4.59 4.06 4.28
760 6 13 CYT H5'' 4.09 4.17 4.19
761 6 13 CYT H6 7.69 7.79 7.787
762 7 2 GUA C1' 93 92.9 92.605
763 7 2 GUA C2' 75.5 75 75.409
764 7 2 GUA C3' 73.4 72.9 73.171
765 7 2 GUA C4' 82.7 82.4 82.477
766 7 2 GUA C5' 66.5 65.5 65.901
767 7 2 GUA C8 137 136.2 136.829
768 7 2 GUA H1' 5.95 5.67 5.639
769 7 2 GUA H2' 4.59 4.56 4.443
770 7 2 GUA H3' 4.65 4.59 4.539
771 7 2 GUA H4' 4.6 4.45 4.46
772 7 2 GUA H5' 4.54 4.36 4.336
773 7 2 GUA H5'' 4.36 4.09 4.249
774 7 2 GUA H8 7.72 7.18 7.552
775 7 3 CYT C1' 93.8 94.5 93.732
776 7 3 CYT C2' 75.3 75.4 75.526
777 7 3 CYT C3' 72.1 72.1 72.674
778 7 3 CYT C4' 81.8 81.8 82.287
779 7 3 CYT C5 97.6 97.2 97.227
780 7 3 CYT C5' 64.2 64.6 64.989
781 7 3 CYT C6 140.8 141.7 141.151
782 7 3 CYT H1' 5.57 5.51 5.478
783 7 3 CYT H2' 4.59 4.39 4.426
784 7 3 CYT H3' 4.48 4.65 4.584
785 7 3 CYT H4' 4.49 4.33 4.37
786 7 3 CYT H5 5.34 5.19 5.278
787 7 3 CYT H5' 4.55 4.29 4.32
788 7 3 CYT H5'' 4.08 4.06 4.211
789 7 3 CYT H6 7.75 7.69 7.669
790 7 4 ADE C1' 93 93 92.759
791 7 4 ADE C2 153.1 153.7 153.63
792 7 4 ADE C2' 75.8 76 75.664
793 7 4 ADE C3' 72.9 73.4 72.857
794 7 4 ADE C4' 81.9 82.7 82.334
795 7 4 ADE C5' 65.2 65.2 65.582
796 7 4 ADE C8 139.4 139.4 139.654
797 7 4 ADE H1' 6.01 5.79 5.806
798 7 4 ADE H2 7.46 7.31 7.463
799 7 4 ADE H2' 4.65 4.53 4.438
800 7 4 ADE H3' 4.67 4.85 4.593
801 7 4 ADE H4' 4.54 4.51 4.456
802 7 4 ADE H5' 4.6 4.7 4.388
803 7 4 ADE H5'' 4.19 4.17 4.259
804 7 4 ADE H8 8.11 8.05 8.041
805 7 5 CYT C1' 93.8 95.1 93.97
806 7 5 CYT C2' 75.6 75.3 75.323
807 7 5 CYT C3' 72.1 72.1 72.489
808 7 5 CYT C4' 81.9 81.9 82.302
809 7 5 CYT C5 97.4 97.6 97.694
810 7 5 CYT C5' 65 65 65.048
811 7 5 CYT C6 140.3 140.3 140.566
812 7 5 CYT H1' 5.38 5.38 5.444
813 7 5 CYT H2' 4.39 4.28 4.312
814 7 5 CYT H3' 4.17 4.43 4.39
815 7 5 CYT H4' 4.43 4.23 4.379
816 7 5 CYT H5 5.23 5.3 5.365
817 7 5 CYT H5' 4.47 3.83 4.286
818 7 5 CYT H5'' 4.06 4.14 4.226
819 7 5 CYT H6 7.31 7.46 7.492
820 7 8 CYT C1' 89.1 93.8 93.161
821 7 8 CYT C2' 77.7 75.9 75.798
822 7 8 CYT C3' 80.3 72.2 73.001
823 7 8 CYT C4' 84.5 83.7 82.918
824 7 8 CYT C5 98.6 99.7 98.833
825 7 8 CYT C5' 67.3 66.5 66.095
826 7 8 CYT C6 142.8 142.8 142.535
827 7 8 CYT H1' 5.99 5.57 5.549
828 7 8 CYT H2' 4.14 4.42 4.355
829 7 8 CYT H3' 4.51 4.67 4.547
830 7 8 CYT H4' 3.83 4.43 4.354
831 7 8 CYT H5 6.14 5.86 5.809
832 7 8 CYT H5' 3.65 4.08 4.39
833 7 8 CYT H5'' 2.73 4.06 4.222
834 7 8 CYT H6 7.72 7.9 7.828
835 7 9 GUA C1' 94.5 90.9 92.346
836 7 9 GUA C2' 77.4 76.7 75.858
837 7 9 GUA C3' 75.9 74.2 73.631
838 7 9 GUA C4' 83.2 83.4 82.838
839 7 9 GUA C5' 69 67.3 66.098
840 7 9 GUA C8 142.9 139 137.836
841 7 9 GUA H1' 6 5.59 5.688
842 7 9 GUA H2' 4.85 4.44 4.431
843 7 9 GUA H3' 5.67 4.72 4.557
844 7 9 GUA H4' 4.45 4.46 4.443
845 7 9 GUA H5' 4.44 4.27 4.36
846 7 9 GUA H5'' 4.23 4.19 4.27
847 7 9 GUA H8 7.9 7.72 7.746
848 7 10 GUA C1' 93.3 93 92.593
849 7 10 GUA C2' 75.1 74.6 75.049
850 7 10 GUA C3' 74.6 72.9 73.69
851 7 10 GUA C4' 83.1 83.2 82.742
852 7 10 GUA C5' 69.8 67.7 66.266
853 7 10 GUA C8 139 139 137.683
854 7 10 GUA H1' 4.47 5.23 5.404
855 7 10 GUA H2' 4.47 4.47 4.408
856 7 10 GUA H3' 4.29 4.45 4.472
857 7 10 GUA H4' 4.42 4.43 4.371
858 7 10 GUA H5' 4.23 4.19 4.351
859 7 10 GUA H5'' 4.53 4.23 4.299
860 7 10 GUA H8 8.35 8.11 7.851
861 7 12 GUA C1' 92.9 93 92.61
862 7 12 GUA C2' 75.5 75.1 75.563
863 7 12 GUA C3' 72.9 73.1 73.04
864 7 12 GUA C4' 81.9 81.9 82.424
865 7 12 GUA C5' 65.5 65.1 65.945
866 7 12 GUA C8 136.2 137 136.941
867 7 12 GUA H1' 5.87 5.69 5.627
868 7 12 GUA H2' 4.6 4.47 4.402
869 7 12 GUA H3' 4.62 4.65 4.522
870 7 12 GUA H4' 4.6 4.51 4.474
871 7 12 GUA H5' 4.56 4.39 4.336
872 7 12 GUA H5'' 4.17 4.17 4.25
873 7 12 GUA H8 7.79 7.85 7.742
874 7 13 CYT C1' 94.1 94.1 93.903
875 7 13 CYT C2' 75.7 75.8 75.63
876 7 13 CYT C3' 72.1 72.1 72.288
877 7 13 CYT C4' 81.9 80.3 82.119
878 7 13 CYT C5 97.2 97.4 97.239
879 7 13 CYT C5' 64.5 64.5 64.76
880 7 13 CYT C6 141 140.6 140.892
881 7 13 CYT H1' 5.51 5.57 5.495
882 7 13 CYT H2' 4.28 4.17 4.286
883 7 13 CYT H3' 4.45 4.61 4.528
884 7 13 CYT H4' 4.17 4.39 4.386
885 7 13 CYT H5 5.3 5.34 5.342
886 7 13 CYT H5' 4.59 4.21 4.362
887 7 13 CYT H5'' 4.09 4.06 4.188
888 7 13 CYT H6 7.69 7.69 7.643
889 8 2 GUA C1' 93 92.9 92.237
890 8 2 GUA C2' 75.5 75.5 75.501
891 8 2 GUA C3' 73.4 72.1 73.189
892 8 2 GUA C4' 82.7 81.8 82.7
893 8 2 GUA C5' 66.5 65 65.837
894 8 2 GUA C8 137 137 137.528
895 8 2 GUA H1' 5.95 5.79 5.654
896 8 2 GUA H2' 4.59 4.56 4.495
897 8 2 GUA H3' 4.65 4.72 4.597
898 8 2 GUA H4' 4.6 4.47 4.461
899 8 2 GUA H5' 4.54 4.17 4.306
900 8 2 GUA H5'' 4.36 4.06 4.207
901 8 2 GUA H8 7.72 7.69 7.68
902 8 3 CYT C1' 93.8 93.8 93.173
903 8 3 CYT C2' 75.3 76 75.781
904 8 3 CYT C3' 72.1 73.4 73.577
905 8 3 CYT C4' 81.8 83.7 83.024
906 8 3 CYT C5 97.6 98.9 98.681
907 8 3 CYT C5' 64.2 65.5 65.362
908 8 3 CYT C6 140.8 141.7 141.767
909 8 3 CYT H1' 5.57 5.38 5.447
910 8 3 CYT H2' 4.59 4.23 4.247
911 8 3 CYT H3' 4.48 4.65 4.531
912 8 3 CYT H4' 4.49 4.33 4.352
913 8 3 CYT H5 5.34 5.69 5.665
914 8 3 CYT H5' 4.55 4.29 4.363
915 8 3 CYT H5'' 4.08 4.14 4.185
916 8 3 CYT H6 7.75 7.72 7.725
917 8 4 ADE C1' 93 90.9 91.786
918 8 4 ADE C2 153.1 155.1 154.876
919 8 4 ADE C2' 75.8 75.3 75.731
920 8 4 ADE C3' 72.9 74.6 74.389
921 8 4 ADE C4' 81.9 82.7 82.971
922 8 4 ADE C5' 65.2 66.5 66.095
923 8 4 ADE C8 139.4 141.6 141.5
924 8 4 ADE H1' 6.01 6.14 5.88
925 8 4 ADE H2 7.46 7.9 7.903
926 8 4 ADE H2' 4.65 4.59 4.514
927 8 4 ADE H3' 4.67 4.85 4.677
928 8 4 ADE H4' 4.54 4.51 4.478
929 8 4 ADE H5' 4.6 3.83 4.296
930 8 4 ADE H5'' 4.19 4.09 4.188
931 8 4 ADE H8 8.11 8.17 8.19
932 8 5 CYT C1' 93.8 94.5 93.505
933 8 5 CYT C2' 75.6 75.9 75.706
934 8 5 CYT C3' 72.1 72.2 73.182
935 8 5 CYT C4' 81.9 83.4 82.939
936 8 5 CYT C5 97.4 99.7 99.039
937 8 5 CYT C5' 65 65.2 65.327
938 8 5 CYT C6 140.3 142.8 141.966
939 8 5 CYT H1' 5.38 5.51 5.442
940 8 5 CYT H2' 4.39 4.19 4.297
941 8 5 CYT H3' 4.17 4.45 4.454
942 8 5 CYT H4' 4.43 4.36 4.39
943 8 5 CYT H5 5.23 5.67 5.755
944 8 5 CYT H5' 4.47 4.45 4.424
945 8 5 CYT H5'' 4.06 4.21 4.235
946 8 5 CYT H6 7.31 7.79 7.803
947 8 8 CYT C1' 89.1 89.3 90.585
948 8 8 CYT C2' 77.7 76.7 76.131
949 8 8 CYT C3' 80.3 74.2 74.612
950 8 8 CYT C4' 84.5 84.5 83.524
951 8 8 CYT C5 98.6 100.9 100.359
952 8 8 CYT C5' 67.3 67.3 66.824
953 8 8 CYT C6 142.8 142.9 143.202
954 8 8 CYT H1' 5.99 5.86 5.739
955 8 8 CYT H2' 4.14 4.19 4.373
956 8 8 CYT H3' 4.51 4.51 4.529
957 8 8 CYT H4' 3.83 4.39 4.359
958 8 8 CYT H5 6.14 5.95 5.807
959 8 8 CYT H5' 3.65 4.61 4.429
960 8 8 CYT H5'' 2.73 4.06 4.144
961 8 8 CYT H6 7.72 7.85 7.778
962 8 9 GUA C1' 94.5 93 91.958
963 8 9 GUA C2' 77.4 75.8 75.826
964 8 9 GUA C3' 75.9 73.1 73.804
965 8 9 GUA C4' 83.2 82.4 82.862
966 8 9 GUA C5' 69 67.7 66.146
967 8 9 GUA C8 142.9 139 137.629
968 8 9 GUA H1' 6 5.59 5.655
969 8 9 GUA H2' 4.85 4.42 4.464
970 8 9 GUA H3' 5.67 4.7 4.536
971 8 9 GUA H4' 4.45 4.49 4.463
972 8 9 GUA H5' 4.44 4.27 4.374
973 8 9 GUA H5'' 4.23 4.23 4.263
974 8 9 GUA H8 7.9 8.05 7.904
975 8 10 GUA C1' 93.3 93 92.027
976 8 10 GUA C2' 75.1 75.7 75.724
977 8 10 GUA C3' 74.6 74.7 74.23
978 8 10 GUA C4' 83.1 83.1 82.964
979 8 10 GUA C5' 69.8 67.8 66.245
980 8 10 GUA C8 139 136.2 137.285
981 8 10 GUA H1' 4.47 5.67 5.66
982 8 10 GUA H2' 4.47 4.43 4.368
983 8 10 GUA H3' 4.29 4.67 4.54
984 8 10 GUA H4' 4.42 4.44 4.463
985 8 10 GUA H5' 4.23 4.39 4.396
986 8 10 GUA H5'' 4.53 4.17 4.273
987 8 10 GUA H8 8.35 7.46 7.633
988 8 12 GUA C1' 92.9 93 92.27
989 8 12 GUA C2' 75.5 75.1 75.468
990 8 12 GUA C3' 72.9 72.9 73.907
991 8 12 GUA C4' 81.9 83.2 83.071
992 8 12 GUA C5' 65.5 65.1 65.94
993 8 12 GUA C8 136.2 139 137.442
994 8 12 GUA H1' 5.87 5.87 5.674
995 8 12 GUA H2' 4.6 4.62 4.484
996 8 12 GUA H3' 4.62 4.65 4.542
997 8 12 GUA H4' 4.6 4.43 4.464
998 8 12 GUA H5' 4.56 4.43 4.4
999 8 12 GUA H5'' 4.17 4.06 4.13
1000 8 12 GUA H8 7.79 7.31 7.644
1001 8 13 CYT C1' 94.1 93.3 93.4
1002 8 13 CYT C2' 75.7 75 75.308
1003 8 13 CYT C3' 72.1 72.9 72.874
1004 8 13 CYT C4' 81.9 81.9 82.338
1005 8 13 CYT C5 97.2 97.2 97.414
1006 8 13 CYT C5' 64.5 64 64.586
1007 8 13 CYT C6 141 141 141.202
1008 8 13 CYT H1' 5.51 5.34 5.505
1009 8 13 CYT H2' 4.28 4.46 4.416
1010 8 13 CYT H3' 4.45 4.6 4.519
1011 8 13 CYT H4' 4.17 4.39 4.379
1012 8 13 CYT H5 5.3 5.57 5.511
1013 8 13 CYT H5' 4.59 4.28 4.357
1014 8 13 CYT H5'' 4.09 4.17 4.183
1015 8 13 CYT H6 7.69 7.69 7.725
1016 9 2 GUA C1' 93 92.9 92.701
1017 9 2 GUA C2' 75.5 75 75.436
1018 9 2 GUA C3' 73.4 73.4 73.474
1019 9 2 GUA C4' 82.7 82.4 82.764
1020 9 2 GUA C5' 66.5 66.5 66.039
1021 9 2 GUA C8 137 136.2 137.212
1022 9 2 GUA H1' 5.95 5.69 5.724
1023 9 2 GUA H2' 4.59 4.36 4.433
1024 9 2 GUA H3' 4.65 4.51 4.512
1025 9 2 GUA H4' 4.6 4.42 4.446
1026 9 2 GUA H5' 4.54 4.49 4.375
1027 9 2 GUA H5'' 4.36 4.17 4.293
1028 9 2 GUA H8 7.72 7.31 7.577
1029 9 3 CYT C1' 93.8 93.8 93.442
1030 9 3 CYT C2' 75.3 76 75.831
1031 9 3 CYT C3' 72.1 72.1 72.701
1032 9 3 CYT C4' 81.8 83.1 82.645
1033 9 3 CYT C5 97.6 97.2 97.408
1034 9 3 CYT C5' 64.2 64.6 65.077
1035 9 3 CYT C6 140.8 141.6 141.255
1036 9 3 CYT H1' 5.57 5.38 5.521
1037 9 3 CYT H2' 4.59 4.23 4.362
1038 9 3 CYT H3' 4.48 4.59 4.606
1039 9 3 CYT H4' 4.49 4.39 4.362
1040 9 3 CYT H5 5.34 5.19 5.305
1041 9 3 CYT H5' 4.55 4.56 4.379
1042 9 3 CYT H5'' 4.08 4.06 4.177
1043 9 3 CYT H6 7.75 7.69 7.637
1044 9 4 ADE C1' 93 93 92.448
1045 9 4 ADE C2 153.1 153.7 153.889
1046 9 4 ADE C2' 75.8 75.9 75.56
1047 9 4 ADE C3' 72.9 72.9 73.034
1048 9 4 ADE C4' 81.9 81.8 82.506
1049 9 4 ADE C5' 65.2 65.5 65.536
1050 9 4 ADE C8 139.4 139.4 139.957
1051 9 4 ADE H1' 6.01 6.14 5.801
1052 9 4 ADE H2 7.46 7.18 7.591
1053 9 4 ADE H2' 4.65 4.65 4.438
1054 9 4 ADE H3' 4.67 4.72 4.601
1055 9 4 ADE H4' 4.54 4.47 4.448
1056 9 4 ADE H5' 4.6 4.7 4.461
1057 9 4 ADE H5'' 4.19 4.09 4.226
1058 9 4 ADE H8 8.11 8.05 8.036
1059 9 5 CYT C1' 93.8 94.5 93.548
1060 9 5 CYT C2' 75.6 75.7 75.836
1061 9 5 CYT C3' 72.1 72.2 72.519
1062 9 5 CYT C4' 81.9 81.9 82.762
1063 9 5 CYT C5 97.4 97.6 97.756
1064 9 5 CYT C5' 65 65 65.022
1065 9 5 CYT C6 140.3 141 140.907
1066 9 5 CYT H1' 5.38 5.51 5.453
1067 9 5 CYT H2' 4.39 4.29 4.317
1068 9 5 CYT H3' 4.17 4.45 4.424
1069 9 5 CYT H4' 4.43 4.43 4.373
1070 9 5 CYT H5 5.23 5.34 5.315
1071 9 5 CYT H5' 4.47 4.27 4.306
1072 9 5 CYT H5'' 4.06 3.83 4.218
1073 9 5 CYT H6 7.31 7.46 7.53
1074 9 8 CYT C1' 89.1 93 92.932
1075 9 8 CYT C2' 77.7 77.4 76.196
1076 9 8 CYT C3' 80.3 74.2 74.105
1077 9 8 CYT C4' 84.5 83.7 83.179
1078 9 8 CYT C5 98.6 98.4 98.206
1079 9 8 CYT C5' 67.3 65.2 65.432
1080 9 8 CYT C6 142.8 141.7 141.808
1081 9 8 CYT H1' 5.99 5.59 5.58
1082 9 8 CYT H2' 4.14 4.46 4.281
1083 9 8 CYT H3' 4.51 4.53 4.494
1084 9 8 CYT H4' 3.83 4.28 4.353
1085 9 8 CYT H5 6.14 5.67 5.667
1086 9 8 CYT H5' 3.65 4.14 4.313
1087 9 8 CYT H5'' 2.73 4.06 4.166
1088 9 8 CYT H6 7.72 7.79 7.731
1089 9 9 GUA C1' 94.5 90.9 92.349
1090 9 9 GUA C2' 77.4 76.7 75.875
1091 9 9 GUA C3' 75.9 73.1 73.469
1092 9 9 GUA C4' 83.2 82.7 82.892
1093 9 9 GUA C5' 69 67.3 66.995
1094 9 9 GUA C8 142.9 139 138.23
1095 9 9 GUA H1' 6 5.57 5.665
1096 9 9 GUA H2' 4.85 4.23 4.382
1097 9 9 GUA H3' 5.67 4.85 4.675
1098 9 9 GUA H4' 4.45 4.45 4.452
1099 9 9 GUA H5' 4.44 4.33 4.339
1100 9 9 GUA H5'' 4.23 4.21 4.414
1101 9 9 GUA H8 7.9 7.85 7.816
1102 9 10 GUA C1' 93.3 93.3 92.758
1103 9 10 GUA C2' 75.1 75.3 75.072
1104 9 10 GUA C3' 74.6 74.6 73.799
1105 9 10 GUA C4' 83.1 83.2 83.051
1106 9 10 GUA C5' 69.8 67.7 66.634
1107 9 10 GUA C8 139 137 137.636
1108 9 10 GUA H1' 4.47 4.98 5.173
1109 9 10 GUA H2' 4.47 4.43 4.347
1110 9 10 GUA H3' 4.29 4.62 4.445
1111 9 10 GUA H4' 4.42 4.43 4.428
1112 9 10 GUA H5' 4.23 4.47 4.372
1113 9 10 GUA H5'' 4.53 4.19 4.289
1114 9 10 GUA H8 8.35 7.9 7.82
1115 9 12 GUA C1' 92.9 93 92.447
1116 9 12 GUA C2' 75.5 75.8 75.575
1117 9 12 GUA C3' 72.9 74.7 73.94
1118 9 12 GUA C4' 81.9 83.4 82.876
1119 9 12 GUA C5' 65.5 65.1 66.119
1120 9 12 GUA C8 136.2 139 137.407
1121 9 12 GUA H1' 5.87 5.79 5.724
1122 9 12 GUA H2' 4.6 4.44 4.403
1123 9 12 GUA H3' 4.62 4.67 4.513
1124 9 12 GUA H4' 4.6 4.48 4.481
1125 9 12 GUA H5' 4.56 4.17 4.352
1126 9 12 GUA H5'' 4.17 4.17 4.273
1127 9 12 GUA H8 7.79 7.72 7.796
1128 9 13 CYT C1' 94.1 95.1 93.933
1129 9 13 CYT C2' 75.7 75.5 75.539
1130 9 13 CYT C3' 72.1 72.1 72.29
1131 9 13 CYT C4' 81.9 80.3 82.127
1132 9 13 CYT C5 97.2 97.4 96.984
1133 9 13 CYT C5' 64.5 64.5 64.72
1134 9 13 CYT C6 141 140.8 141.043
1135 9 13 CYT H1' 5.51 5.3 5.475
1136 9 13 CYT H2' 4.28 4.17 4.322
1137 9 13 CYT H3' 4.45 4.39 4.483
1138 9 13 CYT H4' 4.17 4.39 4.378
1139 9 13 CYT H5 5.3 5.23 5.279
1140 9 13 CYT H5' 4.59 4.06 4.29
1141 9 13 CYT H5'' 4.09 4.19 4.24
1142 9 13 CYT H6 7.69 7.69 7.646
1143 10 2 GUA C1' 93 92.9 92.701
1144 10 2 GUA C2' 75.5 75.1 75.436
1145 10 2 GUA C3' 73.4 73.4 73.474
1146 10 2 GUA C4' 82.7 83.7 82.764
1147 10 2 GUA C5' 66.5 65.5 66.039
1148 10 2 GUA C8 137 136.2 137.212
1149 10 2 GUA H1' 5.95 5.69 5.724
1150 10 2 GUA H2' 4.59 4.36 4.433
1151 10 2 GUA H3' 4.65 4.59 4.512
1152 10 2 GUA H4' 4.6 4.51 4.446
1153 10 2 GUA H5' 4.54 4.39 4.375
1154 10 2 GUA H5'' 4.36 4.29 4.293
1155 10 2 GUA H8 7.72 7.31 7.577
1156 10 3 CYT C1' 93.8 93.8 93.442
1157 10 3 CYT C2' 75.3 76 75.831
1158 10 3 CYT C3' 72.1 72.1 72.701
1159 10 3 CYT C4' 81.8 81.8 82.645
1160 10 3 CYT C5 97.6 97.2 97.408
1161 10 3 CYT C5' 64.2 64.6 65.077
1162 10 3 CYT C6 140.8 141 141.255
1163 10 3 CYT H1' 5.57 5.51 5.521
1164 10 3 CYT H2' 4.59 4.33 4.362
1165 10 3 CYT H3' 4.48 4.72 4.606
1166 10 3 CYT H4' 4.49 4.42 4.362
1167 10 3 CYT H5 5.34 5.19 5.305
1168 10 3 CYT H5' 4.55 4.44 4.379
1169 10 3 CYT H5'' 4.08 4.06 4.177
1170 10 3 CYT H6 7.75 7.69 7.637
1171 10 4 ADE C1' 93 90.9 92.448
1172 10 4 ADE C2 153.1 153.7 153.889
1173 10 4 ADE C2' 75.8 75.3 75.56
1174 10 4 ADE C3' 72.9 72.2 73.034
1175 10 4 ADE C4' 81.9 83.1 82.506
1176 10 4 ADE C5' 65.2 65.2 65.536
1177 10 4 ADE C8 139.4 139.4 139.957
1178 10 4 ADE H1' 6.01 5.86 5.801
1179 10 4 ADE H2 7.46 7.18 7.591
1180 10 4 ADE H2' 4.65 4.56 4.438
1181 10 4 ADE H3' 4.67 4.7 4.601
1182 10 4 ADE H4' 4.54 4.47 4.448
1183 10 4 ADE H5' 4.6 4.65 4.461
1184 10 4 ADE H5'' 4.19 4.17 4.226
1185 10 4 ADE H8 8.11 8.05 8.036
1186 10 5 CYT C1' 93.8 94.1 93.548
1187 10 5 CYT C2' 75.6 75.7 75.836
1188 10 5 CYT C3' 72.1 72.9 72.519
1189 10 5 CYT C4' 81.9 82.7 82.762
1190 10 5 CYT C5 97.4 97.6 97.756
1191 10 5 CYT C5' 65 65 65.022
1192 10 5 CYT C6 140.3 140.3 140.907
1193 10 5 CYT H1' 5.38 5.38 5.453
1194 10 5 CYT H2' 4.39 4.23 4.317
1195 10 5 CYT H3' 4.17 4.46 4.424
1196 10 5 CYT H4' 4.43 4.39 4.373
1197 10 5 CYT H5 5.23 5.34 5.315
1198 10 5 CYT H5' 4.47 4.19 4.306
1199 10 5 CYT H5'' 4.06 4.14 4.218
1200 10 5 CYT H6 7.31 7.46 7.53
1201 10 8 CYT C1' 89.1 93 92.932
1202 10 8 CYT C2' 77.7 76.7 76.196
1203 10 8 CYT C3' 80.3 74.7 74.105
1204 10 8 CYT C4' 84.5 84.5 83.179
1205 10 8 CYT C5 98.6 98.4 98.206
1206 10 8 CYT C5' 67.3 65.1 65.432
1207 10 8 CYT C6 142.8 141.7 141.808
1208 10 8 CYT H1' 5.99 5.59 5.58
1209 10 8 CYT H2' 4.14 4.09 4.281
1210 10 8 CYT H3' 4.51 4.53 4.494
1211 10 8 CYT H4' 3.83 4.28 4.353
1212 10 8 CYT H5 6.14 5.67 5.667
1213 10 8 CYT H5' 3.65 3.83 4.313
1214 10 8 CYT H5'' 2.73 4.06 4.166
1215 10 8 CYT H6 7.72 7.69 7.731
1216 10 9 GUA C1' 94.5 93 92.349
1217 10 9 GUA C2' 77.4 75.9 75.875
1218 10 9 GUA C3' 75.9 73.1 73.469
1219 10 9 GUA C4' 83.2 82.4 82.892
1220 10 9 GUA C5' 69 67.3 66.995
1221 10 9 GUA C8 142.9 139 138.23
1222 10 9 GUA H1' 6 5.57 5.665
1223 10 9 GUA H2' 4.85 4.43 4.382
1224 10 9 GUA H3' 5.67 4.85 4.675
1225 10 9 GUA H4' 4.45 4.39 4.452
1226 10 9 GUA H5' 4.44 4.23 4.339
1227 10 9 GUA H5'' 4.23 4.48 4.414
1228 10 9 GUA H8 7.9 7.85 7.816
1229 10 10 GUA C1' 93.3 93 92.758
1230 10 10 GUA C2' 75.1 75 75.072
1231 10 10 GUA C3' 74.6 74.2 73.799
1232 10 10 GUA C4' 83.1 83.4 83.051
1233 10 10 GUA C5' 69.8 67.7 66.634
1234 10 10 GUA C8 139 137 137.636
1235 10 10 GUA H1' 4.47 4.98 5.173
1236 10 10 GUA H2' 4.47 4.27 4.347
1237 10 10 GUA H3' 4.29 4.47 4.445
1238 10 10 GUA H4' 4.42 4.45 4.428
1239 10 10 GUA H5' 4.23 4.43 4.372
1240 10 10 GUA H5'' 4.53 4.21 4.289
1241 10 10 GUA H8 8.35 8.11 7.82
1242 10 12 GUA C1' 92.9 93.3 92.447
1243 10 12 GUA C2' 75.5 75.6 75.575
1244 10 12 GUA C3' 72.9 74.6 73.94
1245 10 12 GUA C4' 81.9 83.2 82.876
1246 10 12 GUA C5' 65.5 66.5 66.119
1247 10 12 GUA C8 136.2 139 137.407
1248 10 12 GUA H1' 5.87 5.79 5.724
1249 10 12 GUA H2' 4.6 4.51 4.403
1250 10 12 GUA H3' 4.62 4.67 4.513
1251 10 12 GUA H4' 4.6 4.49 4.481
1252 10 12 GUA H5' 4.56 4.43 4.352
1253 10 12 GUA H5'' 4.17 4.19 4.273
1254 10 12 GUA H8 7.79 7.9 7.796
1255 10 13 CYT C1' 94.1 94.5 93.933
1256 10 13 CYT C2' 75.7 75.8 75.539
1257 10 13 CYT C3' 72.1 72.1 72.29
1258 10 13 CYT C4' 81.9 81.9 82.127
1259 10 13 CYT C5 97.2 97.4 96.984
1260 10 13 CYT C5' 64.5 64.2 64.72
1261 10 13 CYT C6 141 141.6 141.043
1262 10 13 CYT H1' 5.51 5.57 5.475
1263 10 13 CYT H2' 4.28 4.17 4.322
1264 10 13 CYT H3' 4.45 4.51 4.483
1265 10 13 CYT H4' 4.17 4.45 4.378
1266 10 13 CYT H5 5.3 5.23 5.279
1267 10 13 CYT H5' 4.59 4.06 4.29
1268 10 13 CYT H5'' 4.09 4.17 4.24
1269 10 13 CYT H6 7.69 7.72 7.646
1270 11 2 GUA C1' 93 92.9 92.673
1271 11 2 GUA C2' 75.5 74.7 75.344
1272 11 2 GUA C3' 73.4 72.9 73.059
1273 11 2 GUA C4' 82.7 81.8 82.365
1274 11 2 GUA C5' 66.5 65.5 65.754
1275 11 2 GUA C8 137 136.2 136.755
1276 11 2 GUA H1' 5.95 5.67 5.638
1277 11 2 GUA H2' 4.59 4.65 4.427
1278 11 2 GUA H3' 4.65 4.56 4.553
1279 11 2 GUA H4' 4.6 4.42 4.457
1280 11 2 GUA H5' 4.54 4.39 4.339
1281 11 2 GUA H5'' 4.36 4.06 4.244
1282 11 2 GUA H8 7.72 7.31 7.542
1283 11 3 CYT C1' 93.8 93.8 93.583
1284 11 3 CYT C2' 75.3 76 75.82
1285 11 3 CYT C3' 72.1 72.1 72.449
1286 11 3 CYT C4' 81.8 81.9 82.432
1287 11 3 CYT C5 97.6 97.2 97.258
1288 11 3 CYT C5' 64.2 64.6 64.951
1289 11 3 CYT C6 140.8 140.3 140.869
1290 11 3 CYT H1' 5.57 5.38 5.461
1291 11 3 CYT H2' 4.59 4.33 4.395
1292 11 3 CYT H3' 4.48 4.67 4.612
1293 11 3 CYT H4' 4.49 4.29 4.371
1294 11 3 CYT H5 5.34 5.19 5.257
1295 11 3 CYT H5' 4.55 4.23 4.337
1296 11 3 CYT H5'' 4.08 4.17 4.204
1297 11 3 CYT H6 7.75 7.69 7.636
1298 11 4 ADE C1' 93 93 92.668
1299 11 4 ADE C2 153.1 153.7 153.548
1300 11 4 ADE C2' 75.8 75.4 75.425
1301 11 4 ADE C3' 72.9 72.2 72.755
1302 11 4 ADE C4' 81.9 80.3 82.268
1303 11 4 ADE C5' 65.2 65 65.461
1304 11 4 ADE C8 139.4 139.4 139.423
1305 11 4 ADE H1' 6.01 5.86 5.816
1306 11 4 ADE H2 7.46 7.18 7.483
1307 11 4 ADE H2' 4.65 4.44 4.444
1308 11 4 ADE H3' 4.67 4.72 4.603
1309 11 4 ADE H4' 4.54 4.51 4.455
1310 11 4 ADE H5' 4.6 4.59 4.457
1311 11 4 ADE H5'' 4.19 4.14 4.26
1312 11 4 ADE H8 8.11 8.05 7.985
1313 11 5 CYT C1' 93.8 94.5 93.894
1314 11 5 CYT C2' 75.6 75.3 75.454
1315 11 5 CYT C3' 72.1 73.4 72.996
1316 11 5 CYT C4' 81.9 83.2 82.638
1317 11 5 CYT C5 97.4 97.6 97.776
1318 11 5 CYT C5' 65 65.2 65.66
1319 11 5 CYT C6 140.3 140.6 140.724
1320 11 5 CYT H1' 5.38 5.51 5.461
1321 11 5 CYT H2' 4.39 4.21 4.306
1322 11 5 CYT H3' 4.17 4.45 4.368
1323 11 5 CYT H4' 4.43 4.36 4.367
1324 11 5 CYT H5 5.23 5.3 5.29
1325 11 5 CYT H5' 4.47 4.49 4.395
1326 11 5 CYT H5'' 4.06 4.06 4.18
1327 11 5 CYT H6 7.31 7.46 7.479
1328 11 8 CYT C1' 89.1 93 92.608
1329 11 8 CYT C2' 77.7 75.9 75.675
1330 11 8 CYT C3' 80.3 74.6 74.827
1331 11 8 CYT C4' 84.5 83.7 83.375
1332 11 8 CYT C5 98.6 100.9 100.657
1333 11 8 CYT C5' 67.3 66.5 66.269
1334 11 8 CYT C6 142.8 142.9 142.618
1335 11 8 CYT H1' 5.99 5.57 5.511
1336 11 8 CYT H2' 4.14 4.27 4.358
1337 11 8 CYT H3' 4.51 4.47 4.453
1338 11 8 CYT H4' 3.83 4.09 4.179
1339 11 8 CYT H5 6.14 5.79 5.866
1340 11 8 CYT H5' 3.65 4.19 4.222
1341 11 8 CYT H5'' 2.73 3.83 4.011
1342 11 8 CYT H6 7.72 7.79 7.758
1343 11 9 GUA C1' 94.5 90.9 91.761
1344 11 9 GUA C2' 77.4 76.7 75.852
1345 11 9 GUA C3' 75.9 74.2 73.914
1346 11 9 GUA C4' 83.2 84.5 83.433
1347 11 9 GUA C5' 69 67.3 66.321
1348 11 9 GUA C8 142.9 139 138.034
1349 11 9 GUA H1' 6 5.59 5.662
1350 11 9 GUA H2' 4.85 4.43 4.444
1351 11 9 GUA H3' 5.67 4.85 4.653
1352 11 9 GUA H4' 4.45 4.43 4.437
1353 11 9 GUA H5' 4.44 4.23 4.336
1354 11 9 GUA H5'' 4.23 4.39 4.389
1355 11 9 GUA H8 7.9 7.85 7.691
1356 11 10 GUA C1' 93.3 93.3 92.629
1357 11 10 GUA C2' 75.1 75.1 75.172
1358 11 10 GUA C3' 74.6 73.1 73.44
1359 11 10 GUA C4' 83.1 83.1 82.715
1360 11 10 GUA C5' 69.8 67.7 65.971
1361 11 10 GUA C8 139 137 136.728
1362 11 10 GUA H1' 4.47 5.34 5.533
1363 11 10 GUA H2' 4.47 4.39 4.422
1364 11 10 GUA H3' 4.29 4.46 4.492
1365 11 10 GUA H4' 4.42 4.43 4.463
1366 11 10 GUA H5' 4.23 4.17 4.346
1367 11 10 GUA H5'' 4.53 4.19 4.244
1368 11 10 GUA H8 8.35 7.69 7.671
1369 11 12 GUA C1' 92.9 93 92.534
1370 11 12 GUA C2' 75.5 75 75.42
1371 11 12 GUA C3' 72.9 72.9 73.32
1372 11 12 GUA C4' 81.9 82.4 82.568
1373 11 12 GUA C5' 65.5 65.1 65.829
1374 11 12 GUA C8 136.2 139 137.038
1375 11 12 GUA H1' 5.87 5.69 5.654
1376 11 12 GUA H2' 4.6 4.47 4.395
1377 11 12 GUA H3' 4.62 4.7 4.525
1378 11 12 GUA H4' 4.6 4.45 4.475
1379 11 12 GUA H5' 4.56 4.08 4.302
1380 11 12 GUA H5'' 4.17 4.06 4.231
1381 11 12 GUA H8 7.79 7.9 7.764
1382 11 13 CYT C1' 94.1 95.1 93.897
1383 11 13 CYT C2' 75.7 75.8 75.561
1384 11 13 CYT C3' 72.1 72.1 72.359
1385 11 13 CYT C4' 81.9 81.9 82.171
1386 11 13 CYT C5 97.2 97.4 96.988
1387 11 13 CYT C5' 64.5 64.5 64.828
1388 11 13 CYT C6 141 140.8 140.862
1389 11 13 CYT H1' 5.51 5.57 5.468
1390 11 13 CYT H2' 4.28 4.17 4.316
1391 11 13 CYT H3' 4.45 4.51 4.482
1392 11 13 CYT H4' 4.17 4.28 4.379
1393 11 13 CYT H5 5.3 5.23 5.286
1394 11 13 CYT H5' 4.59 4.07 4.299
1395 11 13 CYT H5'' 4.09 4.09 4.209
1396 11 13 CYT H6 7.69 7.72 7.644
