iters cors rmsds mean_rmsd id
91 1000 0.295238095238095 0.734 1.91133333333333 1UUU
92 2000 0.352380952380952 0 1.91133333333333 1UUU
93 3000 0.504761904761905 0.734 1.91133333333333 1UUU
94 4000 0.504761904761905 0 1.91133333333333 1UUU
95 5000 0.485714285714286 0 1.91133333333333 1UUU
96 6000 0.447619047619048 0 1.91133333333333 1UUU
97 7000 0.523809523809524 0 1.91133333333333 1UUU
98 8000 0.428571428571429 0 1.91133333333333 1UUU
99 9000 0.447619047619048 0 1.91133333333333 1UUU
100 10000 0.352380952380952 0 1.91133333333333 1UUU
311 1000 0.00952380952380952 1.253 3.77133333333333 1PJY
312 2000 -0.238095238095238 8.676 7.695 1PJY
313 3000 -0.2 8.202 5.22066666666667 1PJY
314 4000 -0.161904761904762 1.253 4.13966666666667 1PJY
315 5000 -0.0285714285714286 1.253 4.13966666666667 1PJY
316 6000 0.123809523809524 1.253 3.10733333333333 1PJY
317 7000 0.0285714285714286 1.253 4.18833333333333 1PJY
318 8000 0.00952380952380952 1.253 3.93566666666667 1PJY
319 9000 -0.0857142857142857 3.11 4.34633333333333 1PJY
320 10000 0.0857142857142857 1.253 2.92633333333333 1PJY
361 1000 0.447619047619048 1.872 0.970333333333333 1R7W
362 2000 0.561904761904762 1.872 1.55733333333333 1R7W
363 3000 0.504761904761905 1.039 2.259 1R7W
364 4000 0.485714285714286 1.039 2.883 1R7W
365 5000 0.276190476190476 3.797 5.626 1R7W
366 6000 0.238095238095238 5.738 5.99533333333333 1R7W
367 7000 0.542857142857143 1.039 1.90366666666667 1R7W
368 8000 0.40952380952381 1.039 4.13766666666667 1R7W
369 9000 0.276190476190476 9.502 4.13766666666667 1R7W
370 10000 0.523809523809524 5.738 3.19233333333333 1R7W
401 1000 -0.295238095238095 7.419 6.924 1LC6
402 2000 -0.257142857142857 3.71 5.942 1LC6
403 3000 -0.0857142857142857 3.71 6.428 1LC6
404 4000 -0.123809523809524 8.155 6.428 1LC6
405 5000 -0.180952380952381 8.155 4.95033333333333 1LC6
406 6000 -0.295238095238095 8.155 6.428 1LC6
407 7000 -0.40952380952381 7.419 8.16933333333333 1LC6
408 8000 -0.161904761904762 7.419 6.924 1LC6
409 9000 -0.2 7.419 6.68766666666667 1LC6
410 10000 -0.123809523809524 3.71 6.428 1LC6
461 1000 0.123809523809524 7.354 4.15533333333333 1LDZ
462 2000 -0.0476190476190476 7.354 5.51433333333333 1LDZ
463 3000 0.0476190476190476 7.354 7.086 1LDZ
464 4000 -0.0476190476190476 7.354 7.365 1LDZ
465 5000 -0.104761904761905 7.354 7.11533333333333 1LDZ
466 6000 -0.0857142857142857 7.354 5.51433333333333 1LDZ
467 7000 0.0476190476190476 7.354 7.365 1LDZ
468 8000 -0.00952380952380952 7.354 7.11533333333333 1LDZ
469 9000 0.0666666666666667 7.354 7.11533333333333 1LDZ
470 10000 0.0476190476190476 7.354 6.55033333333333 1LDZ
471 1000 -0.0666666666666667 4.354 6.54566666666667 2LDL
472 2000 -0.104761904761905 4.354 4.59633333333333 2LDL
473 3000 -0.00952380952380952 2.175 3.629 2LDL
474 4000 -0.0285714285714286 7.26 5.81933333333333 2LDL
475 5000 -0.0285714285714286 8.023 5.81933333333333 2LDL
476 6000 0.0857142857142857 1.452 3.629 2LDL
477 7000 -0.0666666666666667 7.26 3.629 2LDL
478 8000 -0.0857142857142857 7.26 5.81933333333333 2LDL
479 9000 0.00952380952380952 7.26 4.84366666666667 2LDL
480 10000 0.0285714285714286 7.26 3.629 2LDL
491 1000 -0.295238095238095 7.903 5.5 1NC0
492 2000 -0.2 10.086 6.23233333333333 1NC0
493 3000 0.00952380952380952 2.148 5.75466666666667 1NC0
494 4000 0.0666666666666667 5.03 5.75466666666667 1NC0
495 5000 0.00952380952380952 10.086 6.71233333333333 1NC0
496 6000 -0.238095238095238 7.903 6.71233333333333 1NC0
497 7000 0.0857142857142857 10.086 5.75466666666667 1NC0
498 8000 -0.0857142857142857 10.086 5.75466666666667 1NC0
499 9000 -0.123809523809524 10.086 5.75466666666667 1NC0
500 10000 -0.0666666666666667 10.086 5.75466666666667 1NC0
511 1000 0.142857142857143 4.796 4.355 1OW9
512 2000 0.504761904761905 0 1.16433333333333 1OW9
513 3000 0.314285714285714 0.77 2.75633333333333 1OW9
514 4000 0.333333333333333 0 1.16433333333333 1OW9
515 5000 0.352380952380952 3.42 3.63966666666667 1OW9
516 6000 0.40952380952381 0 3.63966666666667 1OW9
517 7000 0.314285714285714 0 2.75633333333333 1OW9
518 8000 0.428571428571429 0 1.39666666666667 1OW9
519 9000 0.40952380952381 0 2.04766666666667 1OW9
520 10000 0.276190476190476 0 2.75633333333333 1OW9
521 1000 -0.371428571428571 4.615 5.88833333333333 1YSV
522 2000 -0.276190476190476 4.615 7.69266666666667 1YSV
523 3000 -0.390476190476191 4.615 6.92533333333333 1YSV
524 4000 -0.257142857142857 6.951 7.451 1YSV
525 5000 -0.257142857142857 5.374 7.704 1YSV
526 6000 -0.123809523809524 6.951 7.451 1YSV
527 7000 -0.40952380952381 4.615 5.64666666666667 1YSV
528 8000 -0.238095238095238 6.951 5.64666666666667 1YSV
529 9000 -0.447619047619048 4.615 7.451 1YSV
530 10000 -0.161904761904762 4.615 5.64666666666667 1YSV
531 1000 0.0285714285714286 2.473 1.65266666666667 2KOC
532 2000 -0.0285714285714286 3.992 3.40433333333333 2KOC
533 3000 0.219047619047619 1.979 2.159 2KOC
534 4000 0.314285714285714 3.992 1.837 2KOC
535 5000 0.238095238095238 1.013 2.58 2KOC
536 6000 0.2 0.506 2.186 2KOC
537 7000 0.314285714285714 1.013 1.837 2KOC
538 8000 0.123809523809524 1.013 1.837 2KOC
539 9000 0.257142857142857 1.013 2.58 2KOC
540 10000 0.123809523809524 1.013 2.58 2KOC
571 1000 -0.238095238095238 7.225 7.498 1Z2J
572 2000 -0.238095238095238 3.958 8.08733333333333 1Z2J
573 3000 -0.352380952380952 3.958 8.10966666666667 1Z2J
574 4000 -0.142857142857143 3.958 5.75766666666667 1Z2J
575 5000 0.0857142857142857 6.09 5.75766666666667 1Z2J
576 6000 -0.295238095238095 6.09 6.409 1Z2J
577 7000 -0.142857142857143 3.958 3.34933333333333 1Z2J
578 8000 -0.0285714285714286 6.09 8.08733333333333 1Z2J
579 9000 -0.123809523809524 3.958 6.39833333333333 1Z2J
580 10000 -0.0285714285714286 3.958 8.08733333333333 1Z2J
581 1000 0.0769230769230769 7.745 7.28266666666667 2L3E
582 2000 0.0769230769230769 7.745 7.28266666666667 2L3E
583 3000 0.0769230769230769 7.745 8.13066666666667 2L3E
584 4000 0.0989010989010989 7.745 7.28266666666667 2L3E
585 5000 0.208791208791209 7.745 8.13066666666667 2L3E
586 6000 0.142857142857143 5.53 8.13066666666667 2L3E
587 7000 0.0769230769230769 5.53 8.13066666666667 2L3E
588 8000 0.0549450549450549 7.745 8.13066666666667 2L3E
589 9000 -0.120879120879121 7.745 8.13066666666667 2L3E
590 10000 0.032967032967033 7.745 8.13066666666667 2L3E
